3 0.395406 0.242383 0.022859 0.022656
3 0.163863 0.196289 0.021680 0.021875
3 0.127148 0.311129 0.021875 0.021680
3 0.338281 0.493066 0.021875 0.022070
3 0.093262 0.301367 0.022070 0.021875
3 0.081832 0.196289 0.021680 0.021875
3 0.430180 0.301563 0.022859 0.022656
3 0.983102 0.399219 0.022859 0.022656
3 0.983102 0.206055 0.022859 0.022656
3 0.732422 0.994188 0.021875 0.011625
3 0.938672 0.681348 0.021875 0.022070
3 0.262695 0.714551 0.021875 0.022070
3 0.430180 0.418750 0.022859 0.022656
10 0.158887 0.823340 0.014258 0.014648
10 0.158887 0.852637 0.014258 0.014648
10 0.424316 0.860645 0.014258 0.014648
10 0.402344 0.860742 0.013938 0.014312
10 0.402344 0.885156 0.013938 0.014312
10 0.424316 0.885254 0.014258 0.014648
13 0.088574 0.957496 0.020508 0.013211
13 0.088574 0.898902 0.020508 0.013211
13 0.088574 0.840551 0.020508 0.013211
13 0.693848 0.920582 0.020508 0.013211
13 0.693848 0.861988 0.020508 0.013211
13 0.693848 0.803395 0.020508 0.013211
13 0.693848 0.744848 0.020508 0.013211
13 0.693848 0.979176 0.020508 0.013211
13 0.131934 0.966918 0.020508 0.013211
2 0.388379 0.242383 0.036914 0.022656
2 0.437207 0.301563 0.036914 0.022656
2 0.976074 0.399219 0.036914 0.022656
2 0.976074 0.206055 0.036914 0.022656
2 0.437207 0.418750 0.036914 0.022656