7 0.707715 0.105957 0.014648 0.024414
7 0.475684 0.164551 0.014648 0.024414
7 0.381934 0.164551 0.014648 0.024414
7 0.230566 0.164746 0.014648 0.024414
7 0.078418 0.881348 0.014648 0.024414
7 0.229980 0.881543 0.014648 0.024414
7 0.381348 0.881348 0.014648 0.024414
7 0.504395 0.881348 0.014648 0.024414
7 0.308691 0.566309 0.014648 0.024414
7 0.626660 0.993066 0.014648 0.013867
7 0.792480 0.853027 0.014648 0.024414
7 0.821777 0.988379 0.014648 0.023242
7 0.662598 0.734668 0.014648 0.024414
7 0.126270 0.624512 0.014648 0.024414
7 0.435449 0.704395 0.014648 0.024414
7 0.773535 0.704395 0.014648 0.024414
7 0.161426 0.238184 0.014648 0.024414
7 0.295215 0.301270 0.014648 0.024414
7 0.613770 0.302051 0.014648 0.024414