15 0.807023 0.284996 0.021500 0.051055
15 0.807023 0.443199 0.021500 0.051055
3 0.182906 0.242383 0.022859 0.022656
3 0.125781 0.493066 0.021875 0.022070
3 0.217680 0.301563 0.022859 0.022656
3 0.770602 0.399219 0.022859 0.022656
3 0.770602 0.206055 0.022859 0.022656
3 0.519922 0.994188 0.021875 0.011625
3 0.726172 0.681348 0.021875 0.022070
3 0.853129 0.180078 0.021680 0.021875
3 0.807324 0.818359 0.022070 0.021875
3 0.050195 0.714551 0.021875 0.022070
3 0.217680 0.418750 0.022859 0.022656
10 0.211816 0.860645 0.014258 0.014648
10 0.189844 0.860742 0.013938 0.014312
10 0.189844 0.885156 0.013938 0.014312
10 0.211816 0.885254 0.014258 0.014648
13 0.481348 0.920582 0.020508 0.013211
13 0.481348 0.861988 0.020508 0.013211
13 0.481348 0.803395 0.020508 0.013211
13 0.481348 0.744848 0.020508 0.013211
13 0.481348 0.979176 0.020508 0.013211
2 0.175879 0.242383 0.036914 0.022656
2 0.224707 0.301563 0.036914 0.022656
2 0.763574 0.399219 0.036914 0.022656
2 0.763574 0.206055 0.036914 0.022656
2 0.224707 0.418750 0.036914 0.022656