15 0.986148 0.599371 0.021500 0.051055
15 0.986148 0.660504 0.021500 0.051055
3 0.732422 0.199215 0.021875 0.021680
3 0.926465 0.720805 0.022070 0.022266
3 0.531441 0.775781 0.021680 0.021875
3 0.640820 0.637887 0.021875 0.021680
3 0.059961 0.510059 0.021875 0.022070
3 0.153125 0.741895 0.021875 0.022070
10 0.658691 0.390918 0.014258 0.014648
10 0.658691 0.420215 0.014258 0.014648
10 0.158887 0.023340 0.014258 0.014648
10 0.158887 0.052637 0.014258 0.014648
10 0.405176 0.913965 0.014258 0.014648
10 0.424316 0.060645 0.014258 0.014648
10 0.402344 0.060742 0.013938 0.014312
10 0.402344 0.085156 0.013938 0.014312
10 0.424316 0.207324 0.014258 0.014648
10 0.402344 0.207227 0.013938 0.014312
10 0.424316 0.085254 0.014258 0.014648
13 0.131934 0.798949 0.020508 0.013211
13 0.131934 0.857543 0.020508 0.013211
13 0.131934 0.916137 0.020508 0.013211
13 0.131934 0.974730 0.020508 0.013211
13 0.088574 0.949730 0.020508 0.013211
13 0.088574 0.450465 0.020508 0.013211
13 0.088574 0.391871 0.020508 0.013211
13 0.088574 0.333277 0.020508 0.013211
13 0.088574 0.274684 0.020508 0.013211
13 0.088574 0.216090 0.020508 0.013211
13 0.088574 0.157496 0.020508 0.013211
13 0.088574 0.098902 0.020508 0.013211
13 0.088574 0.040551 0.020508 0.013211
13 0.131934 0.225512 0.020508 0.013211
13 0.131934 0.284105 0.020508 0.013211
13 0.131934 0.342699 0.020508 0.013211
13 0.131934 0.401293 0.020508 0.013211
13 0.131934 0.459840 0.020508 0.013211
13 0.693848 0.237770 0.020508 0.013211
13 0.693848 0.120582 0.020508 0.013211
13 0.693848 0.061988 0.020508 0.013211
13 0.693848 0.005000 0.020508 0.010000
13 0.693848 0.951488 0.020508 0.013211
13 0.434961 0.957715 0.020313 0.013086
13 0.399512 0.957738 0.020508 0.013211
13 0.693848 0.179176 0.020508 0.013211
13 0.131934 0.166918 0.020508 0.013211