3 0.307422 0.633402 0.021875 0.021680
10 0.845215 0.046191 0.014258 0.014648
10 0.845215 0.075488 0.014258 0.014648
10 0.757324 0.046191 0.014258 0.014648
10 0.757324 0.075488 0.014258 0.014648
10 0.245996 0.344043 0.014258 0.014648
10 0.245996 0.373340 0.014258 0.014648
10 0.509473 0.060840 0.014258 0.014648
10 0.487695 0.060742 0.013938 0.014312
10 0.487695 0.085156 0.013938 0.014312
10 0.509473 0.207324 0.014258 0.014648
10 0.487695 0.207227 0.013938 0.014312
10 0.509668 0.085254 0.014258 0.014648
10 0.813477 0.292969 0.013937 0.014312
10 0.791504 0.293066 0.014258 0.014648
10 0.791504 0.317480 0.014258 0.014648
10 0.813574 0.317480 0.014258 0.014648
13 0.521387 0.950512 0.020508 0.013211
13 0.780664 0.799902 0.020313 0.013086
13 0.780664 0.858496 0.020313 0.013086
13 0.780664 0.917090 0.020313 0.013086
13 0.780664 0.975488 0.020313 0.013086
13 0.824121 0.949145 0.020508 0.013211
13 0.218750 0.242871 0.020313 0.013086
13 0.218750 0.184277 0.020313 0.013086
13 0.218750 0.125684 0.020313 0.013086
13 0.218750 0.067090 0.020313 0.013086
13 0.743871 0.737207 0.013211 0.020508
13 0.802465 0.737207 0.013211 0.020508
13 0.860816 0.737207 0.013211 0.020508
13 0.218750 0.008496 0.020313 0.013086
13 0.330199 0.737207 0.013211 0.020508
13 0.388746 0.737207 0.013211 0.020508