3 0.592773 0.923926 0.021875 0.022070
3 0.428809 0.771289 0.022070 0.021875
3 0.210645 0.541992 0.022070 0.021875
3 0.709668 0.954297 0.022070 0.021875
3 0.463578 0.803125 0.022859 0.022656
3 0.429004 0.634766 0.022070 0.021875
3 0.465820 0.923926 0.021875 0.022070
3 0.321680 0.457129 0.021875 0.022070
3 0.463578 0.668945 0.022859 0.022656
3 0.463578 0.529687 0.022859 0.022656
10 0.758691 0.490527 0.014258 0.014648
2 0.470605 0.803125 0.036914 0.022656
2 0.470605 0.668945 0.036914 0.022656
2 0.470605 0.529687 0.036914 0.022656