7 0.079785 0.884082 0.014648 0.024414
7 0.233691 0.880957 0.014648 0.024414
7 0.382520 0.881543 0.014648 0.024414
7 0.490918 0.852441 0.014648 0.024414
7 0.543652 0.195410 0.014648 0.024414
7 0.513770 0.590723 0.014648 0.024414
7 0.513770 0.361816 0.014648 0.024414
7 0.709473 0.562012 0.014648 0.024414
7 0.627637 0.735059 0.014648 0.024414
7 0.322949 0.686426 0.014648 0.024414
7 0.458691 0.301465 0.014648 0.024414
7 0.262402 0.220020 0.024414 0.014648
7 0.463965 0.641309 0.014648 0.024414
7 0.734473 0.641309 0.014648 0.024414
7 0.895020 0.921777 0.014648 0.024414
7 0.380566 0.190527 0.014648 0.024414
7 0.769238 0.070020 0.014648 0.024414