3 0.786133 0.403223 0.021875 0.022070
3 0.813086 0.900293 0.021875 0.022070
3 0.870117 0.504301 0.021875 0.021680
3 0.977926 0.866406 0.021680 0.021875
3 0.888672 0.179590 0.021875 0.022070
3 0.903516 0.666309 0.021875 0.022070
3 0.954297 0.666309 0.021875 0.022070
3 0.870410 0.443945 0.022070 0.021875
3 0.805176 0.202734 0.022070 0.021875
10 0.769629 0.804199 0.014648 0.014258
10 0.886035 0.351270 0.014258 0.014648
2 0.791016 0.410008 0.021875 0.035641
2 0.876840 0.504301 0.035320 0.021680
2 0.798391 0.202734 0.035641 0.021875