15 0.433887 0.133203 0.021289 0.050922
15 0.265715 0.160875 0.051133 0.021422
15 0.162988 0.132031 0.021289 0.050922
3 0.497852 0.521293 0.021875 0.021680
3 0.498824 0.335844 0.022070 0.021875
3 0.189551 0.108891 0.022070 0.022266
3 0.766703 0.077934 0.021875 0.022070
3 0.457617 0.882324 0.021875 0.022070
3 0.125781 0.855668 0.021875 0.021680
3 0.128219 0.668066 0.022266 0.022070
3 0.817480 0.421586 0.022070 0.022266
3 0.837500 0.221090 0.021875 0.021680
10 0.802156 0.822656 0.013938 0.014313
10 0.436719 0.252734 0.013938 0.014312
10 0.436719 0.313086 0.013938 0.014312
10 0.392773 0.377734 0.013938 0.014312
10 0.281152 0.377832 0.014258 0.014648
10 0.161035 0.318457 0.014258 0.014648
13 0.120410 0.981371 0.020508 0.013211
13 0.123707 0.315844 0.020633 0.013406
13 0.123559 0.374391 0.020633 0.013406
13 0.123145 0.432887 0.020508 0.013211
13 0.118066 0.113281 0.013086 0.020313
13 0.171117 0.414379 0.013406 0.020633
13 0.229687 0.414625 0.013281 0.020438
13 0.288258 0.414918 0.013406 0.020633
13 0.346875 0.415211 0.013281 0.020438
13 0.405348 0.415527 0.013211 0.020508
13 0.169750 0.689184 0.013406 0.020633
13 0.228320 0.689477 0.013281 0.020438
13 0.286937 0.689770 0.013406 0.020633
13 0.345410 0.690039 0.013086 0.020313
13 0.403980 0.690332 0.013211 0.020508
13 0.059449 0.112988 0.013211 0.020508
13 0.003852 0.112621 0.007703 0.020633
2 0.504574 0.521293 0.035320 0.021680
2 0.505547 0.331023 0.035516 0.022000
2 0.822301 0.428371 0.022195 0.035836
2 0.830777 0.221090 0.035320 0.021680