7 0.449121 0.708691 0.014648 0.024414
7 0.600098 0.709082 0.014648 0.024414
7 0.781738 0.621387 0.014648 0.024414
7 0.978809 0.589941 0.014648 0.024414
7 0.297754 0.422168 0.014648 0.024414
7 0.722949 0.293262 0.014648 0.024414
7 0.320410 0.866309 0.014648 0.024414
7 0.134863 0.868848 0.014648 0.024414
7 0.298340 0.706934 0.014648 0.024414
7 0.600293 0.422168 0.014648 0.024414
7 0.902832 0.422168 0.014648 0.024414
7 0.055762 0.265918 0.024414 0.014648
7 0.055566 0.554395 0.024414 0.014648
7 0.232520 0.928027 0.014648 0.024414
7 0.658301 0.928027 0.014648 0.024414
7 0.190918 0.035449 0.014648 0.024414
7 0.615723 0.035254 0.014648 0.024414
7 0.918262 0.035254 0.014648 0.024414