15 0.981941 0.460734 0.036117 0.021500
3 0.429004 0.293359 0.022070 0.021875
3 0.592773 0.123926 0.021875 0.022070
3 0.592773 0.419824 0.021875 0.022070
3 0.405664 0.926855 0.021875 0.022070
3 0.523242 0.680762 0.021875 0.022070
3 0.964746 0.479102 0.022070 0.021875
3 0.429004 0.531250 0.022070 0.021875
3 0.462891 0.269340 0.021875 0.021680
3 0.709668 0.154297 0.022070 0.021875
3 0.568945 0.960840 0.021875 0.022070
3 0.463578 0.007227 0.022859 0.014453
3 0.265820 0.680762 0.021875 0.022070
3 0.465820 0.123926 0.021875 0.022070
3 0.465820 0.419824 0.021875 0.022070
3 0.104883 0.972270 0.021875 0.021680
10 0.398926 0.376855 0.014258 0.014648
10 0.398926 0.357520 0.014258 0.014648
2 0.422219 0.293359 0.035641 0.021875
2 0.528125 0.673977 0.021875 0.035641
2 0.470605 0.007227 0.036914 0.014453