17 0.826660 0.319336 0.015820 0.012891
3 0.827008 0.371000 0.018859 0.014672
3 0.826660 0.345410 0.015820 0.012305
3 0.843066 0.863379 0.015820 0.012305
3 0.844238 0.818262 0.015820 0.012305
3 0.840723 0.893262 0.015820 0.012305
3 0.828812 0.907086 0.014672 0.018859
3 0.827906 0.788684 0.011828 0.015211
2 0.826660 0.370605 0.018164 0.014648
2 0.826367 0.345348 0.015234 0.012289
2 0.828125 0.653723 0.017578 0.014180
2 0.842773 0.862863 0.015234 0.012289
2 0.828125 0.448473 0.015234 0.012289
2 0.843945 0.818199 0.015234 0.012289
2 0.840430 0.893199 0.015234 0.012289
2 0.827832 0.906738 0.014648 0.018164
2 0.827281 0.788965 0.011812 0.014648