3 0.346582 0.479102 0.022070 0.021875
3 0.499789 0.331543 0.025422 0.025586
3 0.020020 0.479102 0.022070 0.021875
3 0.782113 0.281742 0.025227 0.025391
3 0.646762 0.305570 0.025227 0.025391
3 0.401656 0.220395 0.025391 0.025227
3 0.437594 0.213949 0.025391 0.025227
3 0.498453 0.366895 0.025422 0.025586
3 0.380469 0.577730 0.021875 0.021680
3 0.346582 0.244727 0.022070 0.021875
3 0.751676 0.322172 0.025227 0.025391
3 0.440766 0.102340 0.028594 0.028695
3 0.410742 0.577730 0.021875 0.021680
2 0.503422 0.324102 0.027531 0.038719
2 0.785844 0.274297 0.027531 0.038719