3 0.133590 0.735941 0.022664 0.022461
3 0.250000 0.508496 0.021875 0.022070
3 0.047070 0.508496 0.021875 0.022070
3 0.436621 0.735938 0.022070 0.021875
3 0.471000 0.745703 0.022859 0.022656
3 0.547656 0.508496 0.021875 0.022070
3 0.739258 0.735941 0.021875 0.021680
3 0.773539 0.779297 0.022859 0.022656
3 0.168070 0.745703 0.022859 0.022656
3 0.681641 0.853418 0.021875 0.022070
3 0.865039 0.350098 0.021875 0.022070
3 0.491211 0.317676 0.021875 0.022070
3 0.493750 0.067676 0.021875 0.022070
3 0.078906 0.067676 0.021875 0.022070
3 0.285352 0.196684 0.021875 0.021680
3 0.319238 0.212500 0.022070 0.021875
3 0.727930 0.067676 0.021875 0.022070
3 0.890527 0.188086 0.022070 0.021875
3 0.864648 0.508496 0.021875 0.022070
2 0.126625 0.735941 0.036594 0.022461
2 0.478027 0.745703 0.036914 0.022656
2 0.780566 0.779297 0.036914 0.022656
2 0.175098 0.745703 0.036914 0.022656
2 0.883742 0.188086 0.035641 0.021875