3 0.470020 0.091992 0.022070 0.021875
3 0.470020 0.268164 0.022070 0.021875
3 0.738770 0.262695 0.022070 0.021875
3 0.738770 0.082812 0.022070 0.021875
3 0.440918 0.972852 0.022070 0.021875
3 0.474902 0.951172 0.022070 0.021875
3 0.738770 0.885938 0.022070 0.021875
3 0.199219 0.754785 0.021875 0.022070
3 0.529687 0.522949 0.021875 0.022070
3 0.576172 0.488965 0.021875 0.022070
10 0.691211 0.692578 0.014312 0.013937
10 0.869141 0.278516 0.014313 0.013937
10 0.120020 0.344238 0.014258 0.014648
10 0.298926 0.138574 0.014258 0.014648
13 0.777344 0.824902 0.020313 0.013086
13 0.777344 0.883496 0.020313 0.013086
13 0.777344 0.942090 0.020313 0.013086
13 0.777344 0.997070 0.020313 0.005859
13 0.437207 0.750000 0.013086 0.020313
13 0.495801 0.750000 0.013086 0.020313
13 0.554199 0.750000 0.013086 0.020313
13 0.777344 0.017480 0.020313 0.013086
13 0.777344 0.076074 0.020313 0.013086
13 0.777344 0.134473 0.020313 0.013086
13 0.777344 0.193066 0.020313 0.013086
13 0.777344 0.251660 0.020313 0.013086
13 0.777344 0.310254 0.020313 0.013086
13 0.777344 0.368848 0.020313 0.013086
13 0.431348 0.025855 0.020508 0.013211
13 0.431348 0.084449 0.020508 0.013211
13 0.431348 0.143043 0.020508 0.013211
13 0.431348 0.201637 0.020508 0.013211
13 0.431348 0.260230 0.020508 0.013211
13 0.431348 0.318629 0.020508 0.013211
13 0.431348 0.377270 0.020508 0.013211
13 0.431348 0.435816 0.020508 0.013211
13 0.431348 0.494410 0.020508 0.013211
13 0.154688 0.813574 0.020313 0.013086
13 0.154688 0.871973 0.020313 0.013086
13 0.154688 0.930566 0.020313 0.013086
13 0.154688 0.989160 0.020313 0.013086
13 0.777344 0.427441 0.020313 0.013086
13 0.777344 0.486035 0.020313 0.013086
13 0.103051 0.415063 0.020633 0.013406
13 0.103027 0.443043 0.020508 0.013211
13 0.241309 0.415941 0.020508 0.013211
13 0.276855 0.443043 0.020508 0.013211
13 0.276855 0.415941 0.020508 0.013211
13 0.241309 0.443043 0.020508 0.013211
13 0.415137 0.415895 0.020508 0.013211
13 0.415137 0.444801 0.020508 0.013211
13 0.357543 0.154590 0.013211 0.020508
13 0.388355 0.154590 0.013211 0.020508
13 0.357543 0.074707 0.013211 0.020508
13 0.388355 0.074707 0.013211 0.020508
13 0.357543 0.039355 0.013211 0.020508
13 0.388355 0.039355 0.013211 0.020508