10 0.069141 0.278516 0.014313 0.013937
10 0.386621 0.683105 0.014648 0.014258
13 0.885254 0.824145 0.020508 0.013211
13 0.885254 0.882543 0.020508 0.013211
13 0.885254 0.941137 0.020508 0.013211
13 0.885254 0.996562 0.020508 0.006875
13 0.841895 0.805785 0.020508 0.013211
13 0.841895 0.922730 0.020508 0.013211
13 0.539258 0.824121 0.020313 0.013086
13 0.539258 0.941113 0.020313 0.013086
13 0.279980 0.874926 0.020508 0.013211
13 0.279980 0.992113 0.020508 0.013211
13 0.236621 0.824145 0.020508 0.013211
13 0.236621 0.882496 0.020508 0.013211
13 0.236621 0.941090 0.020508 0.013211
13 0.236621 0.996539 0.020508 0.006922
13 0.582617 0.975293 0.020313 0.013086
13 0.582617 0.916699 0.020313 0.013086