3 0.434469 0.281055 0.022859 0.022656
3 0.471586 0.290039 0.022859 0.022656
3 0.373633 0.505957 0.021875 0.022070
3 0.167383 0.342777 0.021875 0.021680
3 0.286918 0.204102 0.021680 0.021875
3 0.673832 0.204102 0.021680 0.021875
3 0.524805 0.505957 0.021875 0.022070
3 0.738770 0.330859 0.022070 0.021875
3 0.772559 0.340625 0.022070 0.021875
3 0.983789 0.505957 0.021875 0.022070
3 0.836137 0.204102 0.021680 0.021875
3 0.133496 0.463672 0.022070 0.021875
3 0.133102 0.217578 0.022859 0.022656
3 0.470020 0.891992 0.022070 0.021875
3 0.738770 0.882812 0.022070 0.021875
3 0.992727 0.693555 0.014547 0.021875
3 0.917773 0.727441 0.021875 0.022070
3 0.207621 0.693555 0.021680 0.021875
3 0.133102 0.334766 0.022859 0.022656
10 0.298926 0.938574 0.014258 0.014648
13 0.777344 0.758887 0.020313 0.013086
13 0.777344 0.817480 0.020313 0.013086
13 0.777344 0.876074 0.020313 0.013086
13 0.777344 0.934473 0.020313 0.013086
13 0.777344 0.993066 0.020313 0.013086
13 0.431348 0.767309 0.020508 0.013211
13 0.431348 0.825855 0.020508 0.013211
13 0.431348 0.884449 0.020508 0.013211
13 0.431348 0.943043 0.020508 0.013211
13 0.431348 0.997516 0.020508 0.004969
13 0.357543 0.954590 0.013211 0.020508
13 0.388355 0.954590 0.013211 0.020508
13 0.357543 0.759668 0.013211 0.020508
13 0.388355 0.759668 0.013211 0.020508
13 0.357543 0.874707 0.013211 0.020508
13 0.388355 0.874707 0.013211 0.020508
13 0.357543 0.839355 0.013211 0.020508
13 0.388355 0.839355 0.013211 0.020508
2 0.427441 0.281055 0.036914 0.022656
2 0.478613 0.290039 0.036914 0.022656
2 0.126074 0.217578 0.036914 0.022656
2 0.126074 0.334766 0.036914 0.022656