3 0.080473 0.613477 0.021680 0.021875
3 0.013086 0.122168 0.021875 0.022070
3 0.177926 0.088281 0.021680 0.021875
3 0.225293 0.501758 0.022070 0.021875
3 0.735742 0.506637 0.021875 0.021680
3 0.769629 0.477930 0.022070 0.021875
3 0.645121 0.657422 0.021680 0.021875
3 0.227051 0.253125 0.022070 0.021875
3 0.227051 0.126172 0.022070 0.021875
10 0.984375 0.290625 0.013938 0.014313
10 0.994664 0.636914 0.010672 0.014313
2 0.232078 0.501758 0.035641 0.021875
2 0.729020 0.506637 0.035320 0.021680
2 0.048094 0.289453 0.035641 0.021875
2 0.048094 0.362695 0.035641 0.021875
2 0.048094 0.435937 0.035641 0.021875