3 0.134082 0.479102 0.022070 0.021875
3 0.861820 0.744254 0.025391 0.025227
3 0.841391 0.233887 0.025422 0.025586
3 0.287289 0.331543 0.025422 0.025586
3 0.936020 0.217094 0.025227 0.025391
3 0.569613 0.281742 0.025227 0.025391
3 0.434262 0.305570 0.025227 0.025391
3 0.189156 0.220395 0.025391 0.025227
3 0.225094 0.213949 0.025391 0.025227
3 0.285953 0.366895 0.025422 0.025586
3 0.167969 0.577730 0.021875 0.021680
3 0.134082 0.244727 0.022070 0.021875
3 0.539176 0.322172 0.025227 0.025391
3 0.228266 0.102340 0.028594 0.028695
3 0.198242 0.577730 0.021875 0.021680
2 0.845023 0.226250 0.027531 0.038719
2 0.290922 0.324102 0.027531 0.038719
2 0.573344 0.274297 0.027531 0.038719