3 0.474902 0.346289 0.022070 0.021875
3 0.738770 0.391406 0.022070 0.021875
3 0.193262 0.311133 0.022070 0.021875
3 0.440918 0.194727 0.022070 0.021875
3 0.474902 0.173047 0.022070 0.021875
3 0.738770 0.107813 0.022070 0.021875
13 0.777344 0.046777 0.020313 0.013086
13 0.777344 0.105371 0.020313 0.013086
13 0.777344 0.163965 0.020313 0.013086
13 0.777344 0.222559 0.020313 0.013086
13 0.777344 0.281152 0.020313 0.013086
13 0.777344 0.339746 0.020313 0.013086
13 0.777344 0.398340 0.020313 0.013086
13 0.154688 0.300293 0.020313 0.013086
13 0.154688 0.358887 0.020313 0.013086
13 0.154688 0.417480 0.020313 0.013086
13 0.154688 0.035449 0.020313 0.013086
13 0.154688 0.093848 0.020313 0.013086
13 0.154688 0.152441 0.020313 0.013086
13 0.154688 0.211035 0.020313 0.013086