7 0.920215 0.105957 0.014648 0.024414
7 0.688184 0.164551 0.014648 0.024414
7 0.594434 0.164551 0.014648 0.024414
7 0.443066 0.164746 0.014648 0.024414
7 0.140918 0.164551 0.014648 0.024414
7 0.138770 0.881543 0.014648 0.024414
7 0.290918 0.881348 0.014648 0.024414
7 0.442480 0.881543 0.014648 0.024414
7 0.593848 0.881348 0.014648 0.024414
7 0.716895 0.881348 0.014648 0.024414
7 0.521191 0.566309 0.014648 0.024414
7 0.839160 0.993066 0.014648 0.013867
7 0.875098 0.734668 0.014648 0.024414
7 0.338770 0.624512 0.014648 0.024414
7 0.647949 0.704395 0.014648 0.024414
7 0.986035 0.704395 0.014648 0.024414
7 0.373926 0.238184 0.014648 0.024414
7 0.507715 0.301270 0.014648 0.024414
7 0.826270 0.302051 0.014648 0.024414