3 0.000687 0.948633 0.001375 0.022656
3 0.120898 0.863379 0.021875 0.022070
3 0.897363 0.825391 0.022070 0.021875
3 0.560840 0.686523 0.022070 0.021875
3 0.292090 0.729492 0.022070 0.021875
3 0.403906 0.978027 0.021875 0.022070
3 0.130469 0.829395 0.021875 0.022070
3 0.000293 0.629687 0.000586 0.021875
3 0.122363 0.153906 0.022070 0.021875
3 0.403027 0.122070 0.022070 0.021875
3 0.740039 0.787207 0.021875 0.022070
3 0.897363 0.583789 0.022070 0.021875
3 0.366602 0.479199 0.021875 0.022070
3 0.378121 0.513086 0.021680 0.021875
3 0.862984 0.905859 0.022859 0.022656
3 0.820512 0.513086 0.021680 0.021875
3 0.152734 0.279785 0.021875 0.022070
3 0.205859 0.279785 0.021875 0.022070
3 0.000293 0.776172 0.000586 0.021875
3 0.319043 0.729492 0.022070 0.021875
3 0.038277 0.016602 0.021680 0.021875
10 0.623055 0.406445 0.013938 0.014312
10 0.025008 0.417969 0.013938 0.014312
10 0.061133 0.931641 0.014594 0.014969
2 0.007715 0.948633 0.015430 0.022656
2 0.855957 0.905859 0.036914 0.022656
2 0.856754 0.667965 0.035320 0.021680
2 0.601609 0.719336 0.035641 0.021875
2 0.100277 0.671293 0.035320 0.021680
2 0.100277 0.744527 0.035320 0.021680
2 0.043160 0.023324 0.021680 0.035320