3 0.037500 0.508496 0.021875 0.022070
3 0.224121 0.735938 0.022070 0.021875
3 0.258500 0.745703 0.022859 0.022656
3 0.335156 0.508496 0.021875 0.022070
3 0.526758 0.735941 0.021875 0.021680
3 0.910937 0.508496 0.021875 0.022070
3 0.561039 0.779297 0.022859 0.022656
3 0.945312 0.725387 0.021875 0.021680
3 0.469141 0.853418 0.021875 0.022070
3 0.652539 0.350098 0.021875 0.022070
3 0.278711 0.317676 0.021875 0.022070
3 0.281250 0.067676 0.021875 0.022070
3 0.072852 0.196684 0.021875 0.021680
3 0.106738 0.212500 0.022070 0.021875
3 0.515430 0.067676 0.021875 0.022070
3 0.678027 0.188086 0.022070 0.021875
3 0.652148 0.508496 0.021875 0.022070
3 0.916016 0.725387 0.021875 0.021680
2 0.265527 0.745703 0.036914 0.022656
2 0.568066 0.779297 0.036914 0.022656
2 0.671242 0.188086 0.035641 0.021875