15 0.976949 0.505691 0.046102 0.021477
15 0.923199 0.505656 0.051055 0.021500
3 0.183789 0.505957 0.021875 0.022070
3 0.036137 0.204102 0.021680 0.021875
3 0.240914 0.280859 0.022859 0.022656
3 0.275688 0.433594 0.022859 0.022656
3 0.846187 0.385742 0.022859 0.022656
3 0.846187 0.224609 0.022859 0.022656
3 0.196293 0.693555 0.021680 0.021875
3 0.881152 0.344336 0.022070 0.021875
3 0.117773 0.727441 0.021875 0.022070
3 0.275688 0.312305 0.022859 0.022656
2 0.233887 0.280859 0.036914 0.022656
2 0.282715 0.433594 0.036914 0.022656
2 0.839160 0.385742 0.036914 0.022656
2 0.839160 0.224609 0.036914 0.022656
2 0.282715 0.312305 0.036914 0.022656