7 0.184473 0.881543 0.014648 0.024414
7 0.327637 0.881543 0.014648 0.024414
7 0.504004 0.880957 0.014648 0.024414
7 0.587598 0.881348 0.014648 0.024414
7 0.941113 0.881543 0.014648 0.024414
7 0.184863 0.164355 0.014648 0.024414
7 0.638574 0.164355 0.014648 0.024414
7 0.730566 0.164355 0.014648 0.024414
7 0.884863 0.164355 0.014648 0.024414
7 0.382129 0.164355 0.014648 0.024414
7 0.762012 0.832715 0.014648 0.024414
7 0.940918 0.684473 0.014648 0.024414
7 0.535840 0.684473 0.014648 0.024414
7 0.055371 0.733887 0.024414 0.014648
7 0.199707 0.235645 0.014648 0.024414
7 0.624316 0.237988 0.014648 0.024414
7 0.975684 0.237988 0.014648 0.024414
7 0.239941 0.684473 0.014648 0.024414
7 0.762012 0.423926 0.014648 0.024414