10 0.991602 0.107617 0.014594 0.014969
13 0.162012 0.219652 0.020508 0.013211
13 0.161621 0.278246 0.020508 0.013211
13 0.161402 0.336742 0.020633 0.013406
13 0.161012 0.395336 0.020633 0.013406
13 0.160816 0.453930 0.020633 0.013406
13 0.160426 0.512523 0.020633 0.013406
13 0.160230 0.571117 0.020633 0.013406
13 0.723828 0.222168 0.020313 0.013086
13 0.723559 0.280641 0.020633 0.013406
13 0.723266 0.339258 0.020437 0.013281
13 0.722973 0.397828 0.020633 0.013406
13 0.722680 0.456445 0.020437 0.013281
13 0.722387 0.515016 0.020633 0.013406
13 0.721973 0.573512 0.020508 0.013211
13 0.508520 0.145801 0.013211 0.020508
13 0.567066 0.146191 0.013211 0.020508