3 0.517094 0.211914 0.022859 0.022656
3 0.248633 0.493066 0.021875 0.022070
3 0.434961 0.493066 0.021875 0.022070
3 0.344531 0.493066 0.021875 0.022070
3 0.517094 0.412695 0.022859 0.022656
3 0.358004 0.715234 0.021680 0.021875
3 0.482715 0.306445 0.022070 0.021875
3 0.400195 0.681348 0.021875 0.022070
3 0.178512 0.196875 0.021680 0.021875
10 0.845215 0.846191 0.014258 0.014648
10 0.845215 0.875488 0.014258 0.014648
10 0.757324 0.846191 0.014258 0.014648
10 0.757324 0.875488 0.014258 0.014648
10 0.509473 0.860840 0.014258 0.014648
10 0.487695 0.860742 0.013938 0.014312
10 0.487695 0.885156 0.013938 0.014312
10 0.509668 0.885254 0.014258 0.014648
13 0.218750 0.984277 0.020313 0.013086
13 0.218750 0.925684 0.020313 0.013086
13 0.218750 0.867090 0.020313 0.013086
13 0.218750 0.808496 0.020313 0.013086
2 0.524121 0.211914 0.036914 0.022656
2 0.253516 0.486281 0.021875 0.035641
2 0.524121 0.412695 0.036914 0.022656