3 0.764355 0.580176 0.023055 0.022852
3 0.895703 0.490527 0.021875 0.022070
3 0.807648 0.762797 0.027406 0.027531
3 0.457617 0.104199 0.021875 0.022070
3 0.158199 0.369039 0.022070 0.021875
3 0.428418 0.367578 0.022070 0.021875
3 0.125781 0.077543 0.021875 0.021680
3 0.764742 0.407715 0.022266 0.022070
3 0.427437 0.579980 0.022266 0.022070
3 0.157711 0.541113 0.022266 0.022070
10 0.802156 0.044531 0.013938 0.014313
10 0.835840 0.558496 0.014258 0.014648
13 0.120410 0.203246 0.020508 0.013211
13 0.120117 0.261816 0.020313 0.013086
13 0.119824 0.320387 0.020508 0.013211
13 0.119555 0.378906 0.020437 0.013281
13 0.119262 0.437477 0.020633 0.013406
13 0.467457 0.284203 0.020633 0.013406
13 0.466895 0.401246 0.020508 0.013211
13 0.466309 0.518480 0.020508 0.013211
13 0.727027 0.228148 0.020633 0.013406
13 0.726879 0.286695 0.020633 0.013406
13 0.726172 0.403809 0.020313 0.013086
13 0.725586 0.520996 0.020313 0.013086
13 0.725023 0.638086 0.020437 0.013281
13 0.724730 0.696656 0.020633 0.013406
13 0.118969 0.496094 0.020437 0.013281
13 0.118676 0.554664 0.020633 0.013406
13 0.118383 0.613281 0.020437 0.013281
2 0.771383 0.575355 0.037109 0.022977
2 0.876215 0.298402 0.035836 0.022195
2 0.875832 0.371645 0.035836 0.022195