3 0.257711 0.284570 0.022859 0.022656
3 0.000687 0.170508 0.001375 0.022656
3 0.120898 0.085254 0.021875 0.022070
3 0.034211 0.357914 0.027406 0.027531
3 0.622672 0.510059 0.025031 0.025195
3 0.862984 0.479102 0.022859 0.022656
3 0.594824 0.315430 0.022070 0.021875
3 0.897363 0.377148 0.022070 0.021875
3 0.897363 0.047266 0.022070 0.021875
3 0.447074 0.233789 0.021680 0.021875
3 0.292090 0.377148 0.022070 0.021875
3 0.560445 0.369922 0.022859 0.022656
3 0.403906 0.199902 0.021875 0.022070
3 0.130469 0.051270 0.021875 0.022070
3 0.740039 0.010059 0.021875 0.020117
3 0.327074 0.448340 0.026805 0.026945
3 0.862984 0.303320 0.022859 0.022656
3 0.862984 0.127734 0.022859 0.022656
3 0.000293 0.004492 0.000586 0.008984
10 0.061133 0.153516 0.014594 0.014969
2 0.250684 0.284570 0.036914 0.022656
2 0.007715 0.170508 0.015430 0.022656
2 0.855957 0.479102 0.036914 0.022656
2 0.553418 0.369922 0.036914 0.022656
2 0.855957 0.303320 0.036914 0.022656
2 0.855957 0.127734 0.036914 0.022656