3 0.519922 0.346480 0.021875 0.021680
3 0.318941 0.004297 0.021680 0.008594
10 0.192676 0.135840 0.014258 0.014648
13 0.481348 0.231910 0.020508 0.013211
13 0.481348 0.290504 0.020508 0.013211
13 0.222461 0.238184 0.020313 0.013086
13 0.222461 0.296582 0.020313 0.013086
13 0.222461 0.355176 0.020313 0.013086
13 0.481348 0.173363 0.020508 0.013211
13 0.222461 0.413770 0.020313 0.013086
13 0.222461 0.179590 0.020313 0.013086
13 0.187012 0.413746 0.020508 0.013211
13 0.187012 0.355152 0.020508 0.013211
13 0.187012 0.296559 0.020508 0.013211
13 0.187012 0.238160 0.020508 0.013211
13 0.187012 0.179613 0.020508 0.013211
13 0.481348 0.349098 0.020508 0.013211
13 0.481348 0.407691 0.020508 0.013211