3 0.231543 0.589453 0.022070 0.021875
3 0.740723 0.566992 0.022070 0.021875
3 0.459375 0.373145 0.021875 0.022070
3 0.772070 0.594730 0.021875 0.021680
3 0.012223 0.786234 0.024445 0.025391
3 0.022547 0.359469 0.024437 0.024609
3 0.486328 0.821191 0.021875 0.022070
3 0.004020 0.323344 0.008039 0.025391
3 0.096273 0.832910 0.025422 0.025586
10 0.509277 0.520215 0.014258 0.014648
10 0.153809 0.380762 0.014258 0.014648
10 0.204305 0.511328 0.013937 0.014312
10 0.204305 0.528516 0.013937 0.014312
10 0.204305 0.545508 0.013937 0.014312
10 0.575293 0.520215 0.014258 0.014648
10 0.641113 0.520215 0.014258 0.014648
10 0.346582 0.438184 0.014648 0.014258
10 0.051562 0.738281 0.013937 0.014312
10 0.180762 0.380762 0.014258 0.014648
10 0.135840 0.568457 0.014258 0.014648
10 0.174609 0.568359 0.013937 0.014312
10 0.196289 0.603320 0.013937 0.014312
10 0.196289 0.632031 0.013937 0.014312