3 0.013086 0.900293 0.021875 0.022070
3 0.070117 0.504301 0.021875 0.021680
3 0.177926 0.866406 0.021680 0.021875
3 0.350781 0.542973 0.021875 0.021680
3 0.221680 0.421582 0.021875 0.022070
3 0.088672 0.179590 0.021875 0.022070
3 0.103516 0.666309 0.021875 0.022070
3 0.154297 0.666309 0.021875 0.022070
3 0.070410 0.443945 0.022070 0.021875
3 0.008105 0.202734 0.016211 0.021875
3 0.227051 0.904297 0.022070 0.021875
10 0.086035 0.351270 0.014258 0.014648
2 0.076840 0.504301 0.035320 0.021680
2 0.008105 0.202734 0.016211 0.021875