7 0.579199 0.164746 0.014648 0.024414
7 0.485840 0.164746 0.014648 0.024414
7 0.230762 0.165137 0.014648 0.024414
7 0.940918 0.164551 0.014648 0.024414
7 0.183105 0.881348 0.014648 0.024414
7 0.334277 0.881348 0.014648 0.024414
7 0.533496 0.822754 0.014648 0.024414
7 0.938770 0.881543 0.014648 0.024414
7 0.230762 0.624512 0.014648 0.024414
7 0.487012 0.517480 0.014648 0.024414
7 0.760059 0.910449 0.014648 0.024414
7 0.785840 0.624512 0.014648 0.024414
7 0.045020 0.234863 0.014648 0.024414
7 0.393848 0.237988 0.014648 0.024414
7 0.673145 0.238184 0.014648 0.024414