15 0.895270 0.460734 0.051055 0.021500
15 0.776910 0.460734 0.051055 0.021500
15 0.810953 0.266559 0.021500 0.051055
15 0.810953 0.327691 0.021500 0.051055
15 0.810953 0.388629 0.021500 0.051055
15 0.835504 0.460734 0.051055 0.021500
3 0.978711 0.083887 0.021875 0.022070
3 0.216504 0.293359 0.022070 0.021875
3 0.836230 0.320312 0.022070 0.021875
3 0.380273 0.123926 0.021875 0.022070
3 0.380273 0.419824 0.021875 0.022070
3 0.193164 0.926855 0.021875 0.022070
3 0.310742 0.680762 0.021875 0.022070
3 0.752246 0.479102 0.022070 0.021875
3 0.216504 0.531250 0.022070 0.021875
3 0.250391 0.269340 0.021875 0.021680
3 0.497168 0.154297 0.022070 0.021875
3 0.356445 0.960840 0.021875 0.022070
3 0.251078 0.007227 0.022859 0.014453
3 0.053320 0.680762 0.021875 0.022070
3 0.253320 0.123926 0.021875 0.022070
3 0.253320 0.419824 0.021875 0.022070
10 0.186426 0.376855 0.014258 0.014648
10 0.186426 0.357520 0.014258 0.014648
2 0.209719 0.293359 0.035641 0.021875
2 0.315625 0.673977 0.021875 0.035641
2 0.258105 0.007227 0.036914 0.014453