3 0.811832 0.786234 0.025227 0.025391
3 0.391129 0.712016 0.025227 0.025391
3 0.822547 0.359469 0.024437 0.024609
3 0.510062 0.440348 0.025391 0.025227
3 0.320785 0.435836 0.025227 0.025391
3 0.795426 0.323344 0.025227 0.025391
3 0.896273 0.832910 0.025422 0.025586
10 0.953809 0.380762 0.014258 0.014648
10 0.729379 0.775312 0.017242 0.016922
10 0.744711 0.777906 0.016906 0.016594
10 0.851562 0.738281 0.013937 0.014312
10 0.767480 0.346191 0.014258 0.014648
10 0.980762 0.380762 0.014258 0.014648
10 0.360266 0.414566 0.016266 0.016586
10 0.376930 0.417398 0.016594 0.016906
10 0.935840 0.568457 0.014258 0.014648
10 0.974609 0.568359 0.013937 0.014312
10 0.994660 0.603320 0.010680 0.014312
10 0.994660 0.632031 0.010680 0.014312