15 0.653727 0.281793 0.021500 0.051055
3 0.435352 0.926855 0.021875 0.022070
3 0.451762 0.608398 0.021680 0.021875
3 0.653418 0.241211 0.022070 0.021875
3 0.687402 0.230078 0.022070 0.021875
3 0.687402 0.522852 0.022070 0.021875
3 0.264062 0.103129 0.021875 0.021680
3 0.714063 0.960840 0.021875 0.022070
3 0.309180 0.568066 0.021875 0.022070
3 0.904883 0.972270 0.021875 0.021680
13 0.239355 0.984645 0.020508 0.013211
13 0.297387 0.965527 0.013211 0.020508
13 0.414527 0.965527 0.013211 0.020508
13 0.355934 0.965527 0.013211 0.020508
13 0.531715 0.965527 0.013211 0.020508
13 0.590113 0.965527 0.013211 0.020508
13 0.648707 0.965527 0.013211 0.020508