15 0.773648 0.599371 0.021500 0.051055
15 0.773648 0.660504 0.021500 0.051055
3 0.519922 0.199215 0.021875 0.021680
3 0.713965 0.720805 0.022070 0.022266
3 0.807324 0.018359 0.022070 0.021875
3 0.318941 0.775781 0.021680 0.021875
3 0.428320 0.637887 0.021875 0.021680
10 0.446191 0.390918 0.014258 0.014648
10 0.446191 0.420215 0.014258 0.014648
10 0.192676 0.913965 0.014258 0.014648
10 0.211816 0.060645 0.014258 0.014648
10 0.189844 0.060742 0.013938 0.014312
10 0.189844 0.085156 0.013938 0.014312
10 0.211816 0.207324 0.014258 0.014648
10 0.189844 0.207227 0.013938 0.014312
10 0.211816 0.085254 0.014258 0.014648
13 0.481348 0.237770 0.020508 0.013211
13 0.481348 0.120582 0.020508 0.013211
13 0.481348 0.061988 0.020508 0.013211
13 0.481348 0.005000 0.020508 0.010000
13 0.481348 0.951488 0.020508 0.013211
13 0.222461 0.957715 0.020313 0.013086
13 0.187012 0.957738 0.020508 0.013211
13 0.481348 0.179176 0.020508 0.013211