7 0.141113 0.881543 0.014648 0.024414
7 0.292285 0.884082 0.014648 0.024414
7 0.446191 0.880957 0.014648 0.024414
7 0.595020 0.881543 0.014648 0.024414
7 0.703418 0.852441 0.014648 0.024414
7 0.084863 0.164355 0.014648 0.024414
7 0.756152 0.195410 0.014648 0.024414
7 0.726270 0.590723 0.014648 0.024414
7 0.726270 0.361816 0.014648 0.024414
7 0.921973 0.562012 0.014648 0.024414
7 0.840137 0.735059 0.014648 0.024414
7 0.140918 0.684473 0.014648 0.024414
7 0.535449 0.686426 0.014648 0.024414
7 0.175684 0.237988 0.014648 0.024414
7 0.671191 0.301465 0.014648 0.024414
7 0.474902 0.220020 0.024414 0.014648
7 0.676465 0.641309 0.014648 0.024414
7 0.946973 0.641309 0.014648 0.024414
7 0.593066 0.190527 0.014648 0.024414
7 0.981738 0.070020 0.014648 0.024414