3 0.970605 0.884961 0.022070 0.021875
3 0.879199 0.674609 0.022070 0.021875
10 0.912402 0.447363 0.014258 0.014648
10 0.912402 0.464160 0.014258 0.014648
10 0.174121 0.683105 0.014648 0.014258
13 0.672754 0.824145 0.020508 0.013211
13 0.672754 0.882543 0.020508 0.013211
13 0.672754 0.941137 0.020508 0.013211
13 0.672754 0.996562 0.020508 0.006875
13 0.931934 0.965746 0.020508 0.013211
13 0.629395 0.805785 0.020508 0.013211
13 0.629395 0.922730 0.020508 0.013211
13 0.326758 0.824121 0.020313 0.013086
13 0.326758 0.941113 0.020313 0.013086
13 0.067480 0.874926 0.020508 0.013211
13 0.067480 0.992113 0.020508 0.013211
13 0.024121 0.824145 0.020508 0.013211
13 0.024121 0.882496 0.020508 0.013211
13 0.024121 0.941090 0.020508 0.013211
13 0.024121 0.996539 0.020508 0.006922
13 0.931934 0.005293 0.020508 0.010586
13 0.931934 0.062574 0.020508 0.013211
13 0.931934 0.121168 0.020508 0.013211
13 0.931934 0.179762 0.020508 0.013211
13 0.931934 0.238355 0.020508 0.013211
13 0.931934 0.355348 0.020508 0.013211
13 0.370117 0.975293 0.020313 0.013086
13 0.370117 0.916699 0.020313 0.013086
13 0.931934 0.296754 0.020508 0.013211