10 0.191602 0.107617 0.014594 0.014969
13 0.269801 0.224242 0.020633 0.013406
13 0.269457 0.282789 0.020633 0.013406
13 0.269238 0.341332 0.020508 0.013211
13 0.268945 0.399902 0.020313 0.013086
13 0.268652 0.458520 0.020508 0.013211
13 0.268359 0.517090 0.020313 0.013086
13 0.268066 0.575707 0.020508 0.013211
13 0.528395 0.364281 0.020633 0.013406
13 0.528051 0.422828 0.020633 0.013406
13 0.527832 0.481324 0.020508 0.013211
13 0.527441 0.539918 0.020508 0.013211
13 0.527246 0.598512 0.020508 0.013211
13 0.571363 0.430687 0.020633 0.013406
13 0.571191 0.489184 0.020508 0.013211
13 0.831176 0.344117 0.020633 0.013406
13 0.830785 0.402711 0.020633 0.013406
13 0.830590 0.461305 0.020633 0.013406
13 0.830199 0.519898 0.020633 0.013406
13 0.830004 0.578492 0.020633 0.013406
13 0.874316 0.365160 0.020508 0.013211
13 0.874098 0.423656 0.020633 0.013406
13 0.873707 0.482250 0.020633 0.013406
13 0.873512 0.540844 0.020633 0.013406
13 0.873168 0.599391 0.020633 0.013406
13 0.307105 0.148926 0.013211 0.020508
13 0.831348 0.285621 0.020508 0.013211
13 0.831738 0.227027 0.020508 0.013211
13 0.248559 0.148535 0.013211 0.020508