3 0.602445 0.067973 0.021875 0.022070
3 0.189258 0.695215 0.021875 0.022070
3 0.573047 0.101660 0.021875 0.022070
10 0.495410 0.588574 0.014258 0.014648
10 0.494824 0.620801 0.014258 0.014648
10 0.991602 0.885742 0.014594 0.014969
10 0.760840 0.266504 0.014258 0.014648
10 0.760352 0.293164 0.013938 0.014312
10 0.760840 0.444629 0.014258 0.014648
10 0.738770 0.266504 0.014258 0.014648
10 0.738184 0.293262 0.014258 0.014648
10 0.738770 0.444629 0.014258 0.014648
10 0.179395 0.076855 0.014258 0.014648
10 0.284766 0.318359 0.013937 0.014312
10 0.392285 0.103809 0.014258 0.014648
13 0.162012 0.995586 0.020508 0.008828
13 0.723828 0.996875 0.020313 0.006250
13 0.468629 0.195531 0.020633 0.013406
13 0.468285 0.254078 0.020633 0.013406
13 0.468043 0.312719 0.020633 0.013406
13 0.467652 0.371313 0.020633 0.013406
13 0.467480 0.429809 0.020508 0.013211
13 0.467090 0.488355 0.020508 0.013211
13 0.508520 0.923926 0.013211 0.020508
13 0.567066 0.924316 0.013211 0.020508
13 0.163941 0.596703 0.020633 0.013406
13 0.164332 0.538109 0.020633 0.013406
13 0.164527 0.479516 0.020633 0.013406
13 0.164918 0.420922 0.020633 0.013406
13 0.423242 0.594043 0.020313 0.013086
13 0.423535 0.535473 0.020508 0.013211
13 0.423730 0.490309 0.020508 0.013211
13 0.424121 0.431762 0.020508 0.013211
13 0.163672 0.655176 0.020313 0.013086
13 0.422949 0.652613 0.020508 0.013211