3 0.525293 0.493555 0.022070 0.021875
3 0.706445 0.680762 0.021875 0.022070
3 0.561035 0.322852 0.022070 0.021875
3 0.561035 0.042188 0.022070 0.021875
3 0.449023 0.926855 0.021875 0.022070
3 0.306250 0.960840 0.021875 0.022070
3 0.657813 0.680762 0.021875 0.022070
3 0.561035 0.588867 0.022070 0.021875
10 0.711621 0.027637 0.014258 0.014648
13 0.678785 0.965527 0.013211 0.020508
13 0.561598 0.965527 0.013211 0.020508
13 0.620191 0.965527 0.013211 0.020508
13 0.444410 0.965527 0.013211 0.020508
13 0.386012 0.965527 0.013211 0.020508
13 0.737402 0.970777 0.020508 0.013211
13 0.153223 0.980395 0.020508 0.013211
2 0.518508 0.493555 0.035641 0.021875