3 0.859082 0.258398 0.022070 0.021875
13 0.283301 0.373121 0.020508 0.013211
13 0.283301 0.314527 0.020508 0.013211
13 0.283301 0.255934 0.020508 0.013211
13 0.283301 0.197340 0.020508 0.013211
13 0.283301 0.138941 0.020508 0.013211
13 0.283301 0.080348 0.020508 0.013211
13 0.283301 0.021801 0.020508 0.013211
13 0.024121 0.405152 0.020508 0.013211
13 0.024121 0.288012 0.020508 0.013211
13 0.024121 0.229613 0.020508 0.013211
13 0.024121 0.171020 0.020508 0.013211
13 0.326660 0.160082 0.020508 0.013211
13 0.326660 0.218676 0.020508 0.013211
13 0.326660 0.277074 0.020508 0.013211
13 0.326660 0.335668 0.020508 0.013211
13 0.326660 0.394215 0.020508 0.013211
13 0.586035 0.023363 0.020508 0.013211
13 0.586035 0.081910 0.020508 0.013211
13 0.586035 0.140309 0.020508 0.013211
13 0.586035 0.198902 0.020508 0.013211
13 0.586035 0.257496 0.020508 0.013211
13 0.629199 0.021801 0.020508 0.013211
13 0.629199 0.080395 0.020508 0.013211
13 0.629199 0.138941 0.020508 0.013211
13 0.629199 0.255980 0.020508 0.013211
13 0.629199 0.314574 0.020508 0.013211
13 0.629199 0.373168 0.020508 0.013211
13 0.931934 0.020824 0.020508 0.013211
13 0.931934 0.079418 0.020508 0.013211
13 0.931934 0.138012 0.020508 0.013211
13 0.931934 0.196605 0.020508 0.013211
13 0.931934 0.255199 0.020508 0.013211
13 0.931934 0.313793 0.020508 0.013211
13 0.931934 0.372387 0.020508 0.013211
13 0.888574 0.230152 0.020508 0.013211
13 0.888574 0.171605 0.020508 0.013211
13 0.586035 0.316090 0.020508 0.013211
13 0.586035 0.374684 0.020508 0.013211
13 0.888574 0.347145 0.020508 0.013211
13 0.888574 0.405738 0.020508 0.013211