3 0.094922 0.754785 0.021875 0.022070
3 0.994141 0.754785 0.011719 0.022070
3 0.059473 0.531055 0.022070 0.021875
10 0.077832 0.447363 0.014258 0.014648
10 0.077832 0.464160 0.014258 0.014648
10 0.920020 0.344238 0.014258 0.014648
10 0.333496 0.095020 0.014258 0.014648
10 0.357812 0.095117 0.013937 0.014312
10 0.635742 0.094922 0.013938 0.014312
10 0.660359 0.095117 0.013938 0.014312
10 0.333496 0.127441 0.014258 0.014648
10 0.357812 0.127148 0.013937 0.014312
10 0.635840 0.127441 0.014258 0.014648
10 0.660254 0.127246 0.014258 0.014648
10 0.332910 0.276074 0.014258 0.014648
10 0.357910 0.276270 0.014258 0.014648
10 0.635742 0.275977 0.013938 0.014312
10 0.660359 0.276172 0.013938 0.014312
13 0.652051 0.988160 0.020508 0.013211
13 0.652051 0.929566 0.020508 0.013211
13 0.652051 0.870973 0.020508 0.013211
13 0.652051 0.812426 0.020508 0.013211
13 0.366895 0.929613 0.020508 0.013211
13 0.366895 0.988207 0.020508 0.013211
13 0.323535 0.824145 0.020508 0.013211
13 0.323535 0.882691 0.020508 0.013211
13 0.323535 0.941090 0.020508 0.013211
13 0.323535 0.996539 0.020508 0.006922
13 0.064355 0.875316 0.020508 0.013211
13 0.064355 0.933910 0.020508 0.013211
13 0.064355 0.992504 0.020508 0.013211
13 0.064160 0.013402 0.020508 0.013211
13 0.064160 0.071996 0.020508 0.013211
13 0.064160 0.130590 0.020508 0.013211
13 0.064160 0.189184 0.020508 0.013211
13 0.064160 0.247582 0.020508 0.013211
13 0.064160 0.306176 0.020508 0.013211
13 0.637621 0.750098 0.013211 0.020508
13 0.696168 0.750098 0.013211 0.020508
13 0.695410 0.914965 0.020508 0.013211
13 0.695410 0.973512 0.020508 0.013211
13 0.954688 0.813574 0.020313 0.013086
13 0.954688 0.871973 0.020313 0.013086
13 0.954688 0.930566 0.020313 0.013086
13 0.954688 0.989160 0.020313 0.013086
13 0.903051 0.415063 0.020633 0.013406
13 0.903027 0.443043 0.020508 0.013211