15 0.766844 0.505691 0.050891 0.021477
15 0.710699 0.505656 0.051055 0.021500
15 0.823004 0.505656 0.051055 0.021500
3 0.028414 0.280859 0.022859 0.022656
3 0.063188 0.433594 0.022859 0.022656
3 0.633687 0.385742 0.022859 0.022656
3 0.633687 0.224609 0.022859 0.022656
3 0.937695 0.204395 0.021875 0.022070
3 0.668652 0.344336 0.022070 0.021875
3 0.796094 0.727441 0.021875 0.022070
3 0.063188 0.312305 0.022859 0.022656
13 0.931934 0.803980 0.020508 0.013211
13 0.931934 0.862574 0.020508 0.013211
13 0.931934 0.921168 0.020508 0.013211
13 0.931934 0.979762 0.020508 0.013211
13 0.931934 0.745434 0.020508 0.013211
2 0.021387 0.280859 0.036914 0.022656
2 0.070215 0.433594 0.036914 0.022656
2 0.626660 0.385742 0.036914 0.022656
2 0.626660 0.224609 0.036914 0.022656
2 0.070215 0.312305 0.036914 0.022656