3 0.076664 0.603613 0.022266 0.022070
3 0.074613 0.262016 0.022070 0.021875
3 0.078617 0.933105 0.022266 0.022070
3 0.295406 0.919629 0.022266 0.022070
3 0.291996 0.333305 0.022070 0.021875
3 0.460156 0.004883 0.021875 0.009766
3 0.328422 0.775293 0.022266 0.022070
3 0.470117 0.032520 0.021875 0.022070
10 0.357910 0.078613 0.014258 0.014648
10 0.357520 0.111035 0.014258 0.014648
13 0.500684 0.930199 0.020508 0.013211
13 0.544410 0.989039 0.020633 0.013406
13 0.896387 0.986402 0.020508 0.013211
13 0.544043 0.930590 0.020508 0.013211
13 0.895996 0.927855 0.020508 0.013211
13 0.939672 0.978125 0.020437 0.013281
13 0.332348 0.616430 0.020633 0.013406
13 0.331934 0.557934 0.020508 0.013211
13 0.331250 0.440723 0.020313 0.013086
13 0.330859 0.382129 0.020313 0.013086
13 0.869555 0.852809 0.013406 0.020633
13 0.928148 0.852418 0.013406 0.020633
13 0.986695 0.852074 0.013406 0.020633
13 0.501074 0.988746 0.020508 0.013211
13 0.330590 0.323656 0.020633 0.013406
13 0.332594 0.675000 0.020438 0.013281
2 0.004004 0.338770 0.008008 0.036914