10 0.458691 0.514160 0.014258 0.014648
10 0.458301 0.546191 0.014258 0.014648
10 0.448836 0.793750 0.013938 0.014312
13 0.186156 0.926367 0.020437 0.013281
13 0.186402 0.984937 0.020633 0.013406
13 0.489137 0.983180 0.020633 0.013406
13 0.488746 0.924586 0.020633 0.013406
13 0.483715 0.063305 0.020633 0.013406
13 0.483984 0.116895 0.020313 0.013086
13 0.484277 0.175465 0.020508 0.013211
13 0.484668 0.234059 0.020508 0.013211
13 0.485375 0.351172 0.020437 0.013281
13 0.485719 0.409766 0.020437 0.013281
13 0.485059 0.292652 0.020508 0.013211