13 0.521387 0.172387 0.020508 0.013211
13 0.521387 0.230980 0.020508 0.013211
13 0.521387 0.289574 0.020508 0.013211
13 0.521387 0.348168 0.020508 0.013211
13 0.521387 0.406715 0.020508 0.013211
13 0.780664 0.021777 0.020313 0.013086
13 0.780664 0.080371 0.020313 0.013086
13 0.780664 0.138965 0.020313 0.013086
13 0.780664 0.197363 0.020313 0.013086
13 0.780664 0.255957 0.020313 0.013086
13 0.780664 0.314551 0.020313 0.013086
13 0.780664 0.373145 0.020313 0.013086
13 0.824121 0.405152 0.020508 0.013211
13 0.824121 0.288012 0.020508 0.013211
13 0.824121 0.229613 0.020508 0.013211
13 0.824121 0.171020 0.020508 0.013211