15 0.433887 0.933203 0.021289 0.050922
15 0.265715 0.960875 0.051133 0.021422
15 0.162988 0.932031 0.021289 0.050922
3 0.233496 0.687602 0.022070 0.022266
3 0.435840 0.482422 0.022070 0.021875
3 0.386051 0.348539 0.025227 0.025391
3 0.167680 0.447656 0.022859 0.022656
3 0.679488 0.689844 0.021680 0.021875
3 0.469527 0.524906 0.022070 0.021875
3 0.661645 0.289258 0.027008 0.027141
3 0.738375 0.425391 0.022859 0.022656
3 0.074719 0.383793 0.023062 0.023242
3 0.133301 0.480859 0.022070 0.021875
3 0.189551 0.908891 0.022070 0.022266
3 0.766703 0.877934 0.021875 0.022070
3 0.772555 0.461621 0.022266 0.022070
3 0.804586 0.461816 0.022266 0.022070
13 0.118066 0.913281 0.013086 0.020313
13 0.059449 0.912988 0.013211 0.020508
13 0.003852 0.912621 0.007703 0.020633
2 0.174707 0.447656 0.036914 0.022656
2 0.731348 0.425391 0.036914 0.022656