3 0.978711 0.883887 0.021875 0.022070
3 0.830469 0.750199 0.021875 0.021680
3 0.980078 0.511426 0.021875 0.022070
3 0.380273 0.923926 0.021875 0.022070
3 0.216309 0.771289 0.022070 0.021875
3 0.004590 0.541992 0.009180 0.021875
3 0.497168 0.954297 0.022070 0.021875
3 0.251078 0.803125 0.022859 0.022656
3 0.796582 0.788477 0.022070 0.021875
3 0.216504 0.634766 0.022070 0.021875
3 0.253320 0.923926 0.021875 0.022070
3 0.109180 0.457129 0.021875 0.022070
3 0.251078 0.668945 0.022859 0.022656
3 0.251078 0.529687 0.022859 0.022656
10 0.546191 0.490527 0.014258 0.014648
2 0.258105 0.803125 0.036914 0.022656
2 0.258105 0.668945 0.036914 0.022656
2 0.258105 0.529687 0.036914 0.022656