3 0.025680 0.735938 0.022859 0.022656
3 0.060160 0.745699 0.022664 0.022461
3 0.141992 0.508496 0.021875 0.022070
3 0.268750 0.853418 0.021875 0.022070
3 0.630953 0.735938 0.022859 0.022656
3 0.665332 0.745703 0.022070 0.021875
3 0.463867 0.853418 0.021875 0.022070
3 0.362207 0.745703 0.022070 0.021875
3 0.933590 0.735941 0.022664 0.022461
3 0.847070 0.508496 0.021875 0.022070
3 0.544531 0.508496 0.021875 0.022070
3 0.725000 0.853418 0.021875 0.022070
3 0.968070 0.745703 0.022859 0.022656
3 0.085742 0.350098 0.021875 0.022070
3 0.652441 0.189258 0.022070 0.021875
3 0.282227 0.317676 0.021875 0.022070
3 0.300391 0.068070 0.022656 0.022859
3 0.101758 0.067676 0.021875 0.022070
3 0.328809 0.735938 0.022070 0.021875
3 0.878906 0.067676 0.021875 0.022070
3 0.618555 0.186910 0.021875 0.021680
3 0.048047 0.317676 0.021875 0.022070
3 0.505469 0.068070 0.022656 0.022859
2 0.018652 0.735938 0.036914 0.022656
2 0.067125 0.745699 0.036594 0.022461
2 0.623926 0.735938 0.036914 0.022656
2 0.926625 0.735941 0.036594 0.022461
2 0.975098 0.745703 0.036914 0.022656
2 0.305273 0.075098 0.022656 0.036914
2 0.611832 0.186910 0.035320 0.021680
2 0.510352 0.075098 0.022656 0.036914