3 0.432617 0.475004 0.021875 0.021680
3 0.222656 0.678418 0.021875 0.022070
3 0.275973 0.382617 0.021680 0.021875
3 0.164559 0.443457 0.023055 0.022852
3 0.735055 0.431641 0.022859 0.022656
3 0.587793 0.384281 0.022070 0.022266
3 0.466313 0.531152 0.022266 0.022070
3 0.676559 0.680664 0.021680 0.021875
3 0.129977 0.451465 0.022656 0.022461
3 0.129590 0.571680 0.021680 0.021484
3 0.768855 0.602832 0.023055 0.022852
3 0.770020 0.404980 0.023055 0.022852
3 0.602445 0.867973 0.021875 0.022070
3 0.573047 0.901660 0.021875 0.022070
10 0.179395 0.876855 0.014258 0.014648
10 0.392285 0.903809 0.014258 0.014648
13 0.468629 0.994414 0.020633 0.011172
2 0.171586 0.438637 0.037109 0.022977
2 0.728027 0.431641 0.036914 0.022656
2 0.123074 0.446520 0.036477 0.022586
2 0.776078 0.598012 0.037109 0.022977
2 0.777047 0.400160 0.037109 0.022977