3 0.624906 0.251758 0.022859 0.022656
3 0.590133 0.241992 0.022859 0.022656
3 0.963863 0.196289 0.021680 0.021875
3 0.927148 0.311129 0.021875 0.021680
3 0.679688 0.493066 0.021875 0.022070
3 0.893262 0.301367 0.022070 0.021875
3 0.881832 0.196289 0.021680 0.021875
3 0.533008 0.493066 0.021875 0.022070
3 0.321875 0.330863 0.021875 0.021680
3 0.287594 0.268164 0.022859 0.022656
3 0.287594 0.377148 0.022859 0.022656
3 0.450000 0.714551 0.021875 0.022070
3 0.756445 0.814355 0.021875 0.022070
3 0.467184 0.680664 0.021680 0.021875
3 0.624512 0.747461 0.022070 0.021875
10 0.958887 0.823340 0.014258 0.014648
10 0.958887 0.852637 0.014258 0.014648
10 0.045215 0.846191 0.014258 0.014648
10 0.045215 0.875488 0.014258 0.014648
10 0.316309 0.860840 0.014258 0.014648
10 0.294434 0.860840 0.014258 0.014648
10 0.294434 0.885254 0.014258 0.014648
10 0.316602 0.885156 0.013937 0.014312
13 0.888574 0.957496 0.020508 0.013211
13 0.888574 0.898902 0.020508 0.013211
13 0.888574 0.840551 0.020508 0.013211
13 0.585840 0.730980 0.020508 0.013211
13 0.585840 0.789527 0.020508 0.013211
13 0.585840 0.848121 0.020508 0.013211
13 0.585840 0.906715 0.020508 0.013211
13 0.585840 0.965309 0.020508 0.013211
13 0.931934 0.966918 0.020508 0.013211
13 0.629297 0.953418 0.020313 0.013086
13 0.629297 0.895020 0.020313 0.013086
13 0.629297 0.836426 0.020313 0.013086
2 0.631934 0.251758 0.036914 0.022656
2 0.583105 0.241992 0.036914 0.022656
2 0.280566 0.268164 0.036914 0.022656
2 0.280566 0.377148 0.036914 0.022656