15 0.646387 0.933203 0.021289 0.050922
15 0.478215 0.960875 0.051133 0.021422
15 0.375488 0.932031 0.021289 0.050922
3 0.445996 0.687602 0.022070 0.022266
3 0.648340 0.482422 0.022070 0.021875
3 0.598551 0.348539 0.025227 0.025391
3 0.380180 0.447656 0.022859 0.022656
3 0.891988 0.689844 0.021680 0.021875
3 0.682027 0.524906 0.022070 0.021875
3 0.874145 0.289258 0.027008 0.027141
3 0.950875 0.425391 0.022859 0.022656
3 0.077637 0.451074 0.023055 0.022852
3 0.287219 0.383793 0.023062 0.023242
3 0.143359 0.686035 0.021875 0.022070
3 0.345801 0.480859 0.022070 0.021875
3 0.043062 0.393359 0.022859 0.022656
3 0.042090 0.586426 0.023055 0.022852
3 0.402051 0.908891 0.022070 0.022266
3 0.203129 0.874023 0.021680 0.021875
3 0.979203 0.877934 0.021875 0.022070
3 0.985055 0.461621 0.022266 0.022070
13 0.330566 0.913281 0.013086 0.020313
13 0.271949 0.912988 0.013211 0.020508
13 0.213500 0.912621 0.013406 0.020633
13 0.154809 0.912402 0.013211 0.020508
2 0.387207 0.447656 0.036914 0.022656
2 0.943848 0.425391 0.036914 0.022656
2 0.084664 0.446254 0.037109 0.022977
2 0.036035 0.393359 0.036914 0.022656
2 0.035258 0.581480 0.037109 0.022977