15 0.675168 0.072117 0.021477 0.050891
15 0.581871 0.316422 0.051055 0.021500
15 0.675211 0.225934 0.021500 0.051055
15 0.675211 0.133160 0.021500 0.051055
15 0.642027 0.316422 0.051055 0.021500
3 0.617188 0.853418 0.021875 0.022070
3 0.825680 0.735938 0.022859 0.022656
3 0.860160 0.745699 0.022664 0.022461
3 0.739258 0.508496 0.021875 0.022070
3 0.941992 0.508496 0.021875 0.022070
3 0.557422 0.745699 0.021875 0.021680
3 0.885742 0.350098 0.021875 0.022070
3 0.406152 0.130664 0.022070 0.021875
3 0.523535 0.617383 0.022070 0.021875
3 0.901758 0.067676 0.021875 0.022070
3 0.674902 0.005078 0.022070 0.010156
3 0.848047 0.317676 0.021875 0.022070
3 0.708691 0.205273 0.022070 0.021875
3 0.523535 0.481250 0.022070 0.021875
3 0.493164 0.617387 0.021875 0.021680
13 0.712207 0.023063 0.017773 0.011453
2 0.818652 0.735938 0.036914 0.022656
2 0.867125 0.745699 0.036594 0.022461
2 0.715477 0.205273 0.035641 0.021875