10 0.661336 0.015625 0.013938 0.014312
13 0.098121 0.501148 0.020633 0.013406
13 0.097340 0.383961 0.020633 0.013406
13 0.096777 0.266871 0.020508 0.013211
13 0.096387 0.208277 0.020508 0.013211
13 0.095996 0.149730 0.020508 0.013211
13 0.139672 0.200000 0.020437 0.013281
13 0.139941 0.258520 0.020508 0.013211
13 0.140332 0.317113 0.020508 0.013211
13 0.140723 0.375707 0.020508 0.013211
13 0.141113 0.434254 0.020508 0.013211
13 0.398656 0.148242 0.020437 0.013281
13 0.398902 0.206812 0.020633 0.013406
13 0.399293 0.265406 0.020633 0.013406
13 0.399684 0.324000 0.020633 0.013406
13 0.400098 0.382496 0.020508 0.013211
13 0.400391 0.441113 0.020313 0.013086
13 0.400684 0.499684 0.020508 0.013211
13 0.703344 0.497852 0.020437 0.013281
13 0.703027 0.439332 0.020508 0.013211
13 0.702637 0.380738 0.020508 0.013211
13 0.702246 0.322145 0.020508 0.013211
13 0.701930 0.263672 0.020437 0.013281
13 0.701637 0.205055 0.020633 0.013406
13 0.701246 0.146461 0.020633 0.013406
13 0.444117 0.510938 0.020437 0.013281
13 0.443871 0.452367 0.020633 0.013406
13 0.443457 0.393871 0.020508 0.013211
13 0.443066 0.335277 0.020508 0.013211
13 0.442676 0.276684 0.020508 0.013211
13 0.069555 0.074684 0.013406 0.020633
13 0.128148 0.074293 0.013406 0.020633
13 0.186695 0.073949 0.013406 0.020633
13 0.097730 0.442555 0.020633 0.013406
13 0.097047 0.325391 0.020437 0.013281