8 0.914105 0.929555 0.041430 0.029297
8 0.410680 0.737176 0.020719 0.014648
8 0.649059 0.884695 0.041430 0.029297
8 0.668512 0.738211 0.041430 0.029297
8 0.611176 0.275719 0.041430 0.029297
8 0.388707 0.293789 0.041430 0.029297
8 0.388707 0.118008 0.041430 0.029297
8 0.388707 0.030117 0.041430 0.029297
8 0.092535 0.121406 0.041430 0.029297
8 0.017848 0.219836 0.035695 0.029297
8 0.038176 0.662055 0.041430 0.029297
8 0.646543 0.397312 0.041430 0.029297
8 0.734434 0.250828 0.041430 0.029297
12 0.550871 0.942219 0.023195 0.058594
12 0.070219 0.869074 0.058594 0.023195
12 0.304594 0.869074 0.058594 0.023195
12 0.147621 0.942219 0.023195 0.058594
12 0.264809 0.942219 0.023195 0.058594
12 0.381996 0.942219 0.023195 0.058594
21 0.480441 0.480309 0.024414 0.022305
21 0.615973 0.480613 0.024414 0.022305
21 0.816777 0.480809 0.024414 0.022305
21 0.751703 0.605047 0.020078 0.021969
21 0.523797 0.481164 0.021969 0.020078
21 0.405836 0.480555 0.021969 0.020078
18 0.203844 0.250082 0.020719 0.014648
18 0.223437 0.348691 0.020719 0.014648
8 0.511461 0.733844 0.031844 0.030078
8 0.237250 0.427785 0.031844 0.033617
8 0.031141 0.427340 0.031844 0.032727
18 0.212477 0.029723 0.030078 0.028305
18 0.270863 0.027516 0.033617 0.027422
18 0.036895 0.514469 0.032727 0.031844
12 0.461043 0.941711 0.012383 0.063687
12 0.128891 0.869180 0.057500 0.023000
12 0.187707 0.870066 0.060148 0.019461
12 0.244762 0.867852 0.055727 0.020344
12 0.933508 0.785969 0.010094 0.065609
8 0.886195 0.430793 0.034062 0.036586
8 0.623133 0.160793 0.030281 0.031539
8 0.389715 0.203684 0.027758 0.031539
8 0.788418 0.881859 0.027758 0.030281
18 0.646469 0.944945 0.023969 0.030281
18 0.793465 0.941156 0.027758 0.030281
18 0.538598 0.790383 0.022711 0.023969
18 0.929723 0.141867 0.032805 0.034062
18 0.927832 0.249742 0.026492 0.030281