8 0.849215 0.708594 0.041430 0.029297
8 0.849219 0.403512 0.029297 0.041430
8 0.989941 0.403512 0.020117 0.041430
8 0.420703 0.403512 0.029297 0.041430
8 0.566016 0.403512 0.029297 0.041430
8 0.420699 0.708594 0.041430 0.029297
8 0.566012 0.708594 0.041430 0.029297
8 0.137500 0.448434 0.029297 0.041430
8 0.137500 0.600973 0.029297 0.041430
8 0.137500 0.295895 0.029297 0.041430
8 0.006449 0.403516 0.012898 0.029297
8 0.006449 0.708789 0.012898 0.029297
8 0.086910 0.966211 0.041430 0.029297
8 0.982227 0.656051 0.029297 0.041430
8 0.551953 0.273434 0.029297 0.041430
8 0.028707 0.824609 0.041430 0.029297
8 0.863277 0.948047 0.041430 0.029297
8 0.581246 0.952148 0.041430 0.029297
8 0.771000 0.271973 0.020719 0.014648
8 0.405469 0.013871 0.029297 0.027742
8 0.581250 0.013871 0.029297 0.027742
8 0.833984 0.013871 0.029297 0.027742
8 0.152734 0.013871 0.029297 0.027742
8 0.144828 0.754395 0.020719 0.014648
8 0.168355 0.977344 0.041430 0.029297
8 0.419977 0.554719 0.027812 0.027812
8 0.565742 0.555234 0.026781 0.028844
8 0.350961 0.821527 0.029875 0.023695
8 0.643000 0.825645 0.028844 0.036055
8 0.433375 0.952352 0.031938 0.029875
8 0.939680 0.821523 0.028844 0.027812
8 0.849031 0.554203 0.028844 0.028844
8 0.976766 0.265773 0.028844 0.028844
8 0.278336 0.206020 0.028844 0.035023
8 0.707895 0.206020 0.032961 0.032961