8 0.081051 0.277148 0.041430 0.029297
8 0.187105 0.277148 0.041430 0.029297
8 0.293355 0.277148 0.041430 0.029297
8 0.506641 0.277145 0.029297 0.041430
8 0.486520 0.502148 0.041430 0.029297
8 0.194531 0.516207 0.029297 0.041430
8 0.485156 0.626754 0.029297 0.041430
8 0.485156 0.766598 0.029297 0.041430
8 0.485156 0.883785 0.029297 0.041430
8 0.050586 0.516207 0.029297 0.041430
8 0.033984 0.807027 0.029297 0.041430
8 0.050570 0.666078 0.027813 0.028844
8 0.193242 0.669172 0.028844 0.028844
8 0.335402 0.597574 0.032961 0.033992
8 0.157187 0.400305 0.028844 0.030906
8 0.399273 0.278750 0.028844 0.028844
8 0.207672 0.808758 0.030906 0.031938