8 0.550738 0.255883 0.041430 0.029297
8 0.332957 0.074305 0.041430 0.029297
8 0.332957 0.162195 0.041430 0.029297
8 0.450145 0.045008 0.041430 0.029297
8 0.567332 0.045008 0.041430 0.029297
8 0.382969 0.269973 0.020719 0.014648
8 0.440305 0.184965 0.020719 0.014648
8 0.629891 0.184965 0.020719 0.014648
12 0.583449 0.753520 0.041836 0.062992
12 0.663613 0.971129 0.041836 0.057742
12 0.834402 0.931551 0.041836 0.062992
12 0.804730 0.978598 0.062914 0.042805
12 0.631199 0.663184 0.062992 0.041836
12 0.967727 0.578262 0.060859 0.037305
12 0.870219 0.069074 0.058594 0.023195
12 0.836457 0.655098 0.062992 0.041836
12 0.897625 0.944055 0.063016 0.042609
12 0.947621 0.142219 0.023195 0.058594
12 0.832527 0.255820 0.023195 0.058594
12 0.949715 0.255820 0.023195 0.058594
18 0.507074 0.127930 0.014648 0.020719
18 0.560730 0.127930 0.014648 0.020719
12 0.783379 0.140832 0.012383 0.058383
12 0.783820 0.254051 0.013266 0.058383
12 0.870949 0.255824 0.010617 0.058383
12 0.928891 0.069180 0.057500 0.023000
12 0.978816 0.070066 0.042367 0.019461
12 0.857000 0.617074 0.053844 0.027852
12 0.909293 0.598195 0.049508 0.028469
12 0.905578 0.626660 0.058172 0.032180
12 0.968391 0.605004 0.050125 0.030945
12 0.738754 0.659777 0.018867 0.042461
12 0.757230 0.708922 0.025945 0.051109
12 0.778070 0.765527 0.026734 0.047961
12 0.796152 0.820570 0.028305 0.055828
12 0.815805 0.870105 0.029875 0.044820
12 0.601547 0.806414 0.029094 0.054250
12 0.618062 0.861453 0.033812 0.051109
12 0.639680 0.920031 0.026734 0.048750
12 0.958125 0.923180 0.044031 0.031453
12 0.989102 0.253449 0.010094 0.063086