8 0.763203 0.310895 0.020719 0.014648
8 0.836992 0.431824 0.020719 0.014648
8 0.315203 0.415324 0.020719 0.014648
8 0.653410 0.100398 0.041430 0.029297
8 0.167801 0.342625 0.041430 0.029297
8 0.695215 0.342625 0.041430 0.029297
8 0.903883 0.342629 0.029297 0.041430
12 0.120855 0.486293 0.061680 0.024414
12 0.423512 0.486293 0.061680 0.024414
12 0.652668 0.486293 0.061680 0.024414
12 0.949598 0.486293 0.061680 0.024414
12 0.682516 0.014102 0.009484 0.028203
12 0.741172 0.014852 0.008984 0.029703
12 0.805828 0.014348 0.008484 0.028695
12 0.857508 0.013852 0.010984 0.027703
12 0.060746 0.010785 0.012945 0.021570
12 0.344102 0.009801 0.012547 0.019602