8 0.074145 0.467867 0.041430 0.029297
8 0.777121 0.408578 0.041430 0.029297
8 0.800773 0.236387 0.020719 0.014648
8 0.459465 0.501469 0.041430 0.029297
8 0.648945 0.828691 0.020719 0.014648
8 0.475871 0.931461 0.041430 0.029297
8 0.742254 0.765062 0.041430 0.029297
8 0.117383 0.951504 0.020719 0.014648
8 0.385277 0.711500 0.041430 0.029297
8 0.531762 0.712406 0.041430 0.029297
8 0.531762 0.799391 0.041430 0.029297
8 0.385277 0.799391 0.041430 0.029297
8 0.333477 0.917277 0.020719 0.014648
8 0.686031 0.236387 0.020719 0.014648
8 0.615988 0.320688 0.041430 0.029297
8 0.566090 0.502836 0.041430 0.029297
8 0.645285 0.496469 0.041430 0.029297
8 0.742254 0.852953 0.041430 0.029297
21 0.249242 0.488836 0.017844 0.019531
18 0.103441 0.379977 0.041430 0.029297
18 0.745305 0.182918 0.020719 0.014648
18 0.363598 0.508258 0.014648 0.020719
18 0.742254 0.765062 0.041430 0.029297
18 0.050758 0.911098 0.020719 0.014648
18 0.382602 0.981629 0.020719 0.014648
18 0.686031 0.182254 0.020719 0.014648
18 0.088793 0.653539 0.041430 0.029297
18 0.771555 0.706465 0.029297 0.041430
18 0.528098 0.349984 0.041430 0.029297
8 0.203730 0.877219 0.033945 0.033078
8 0.379984 0.602609 0.033078 0.032203
8 0.615855 0.600000 0.031336 0.032203
8 0.383031 0.320605 0.035687 0.039164
8 0.175879 0.319305 0.030461 0.029594