8 0.648945 0.028691 0.020719 0.014648
8 0.076434 0.215078 0.041430 0.029297
8 0.475871 0.131461 0.041430 0.029297
8 0.117383 0.151504 0.020719 0.014648
8 0.351937 0.425254 0.020719 0.014648
8 0.683141 0.320520 0.029297 0.041430
8 0.683137 0.437711 0.041430 0.029297
8 0.800328 0.437707 0.029297 0.041430
8 0.800324 0.320523 0.041430 0.029297
8 0.531762 0.007020 0.041430 0.014039
8 0.385277 0.007020 0.041430 0.014039
8 0.333477 0.117277 0.020719 0.014648
8 0.417277 0.277945 0.041430 0.029297
8 0.475871 0.453727 0.041430 0.029297
8 0.742254 0.052953 0.041430 0.029297
18 0.050758 0.111098 0.020719 0.014648
18 0.382602 0.181629 0.020719 0.014648
18 0.310188 0.216949 0.020719 0.014648
18 0.300094 0.277941 0.029297 0.041430
18 0.076438 0.302965 0.029297 0.041430
18 0.565949 0.437711 0.041430 0.029297
8 0.029223 0.428410 0.027852 0.033945
8 0.178055 0.427543 0.033078 0.030461
8 0.202859 0.338766 0.026984 0.028719
8 0.203730 0.077219 0.033945 0.033078