8 0.611750 0.212348 0.020719 0.014648
8 0.611750 0.153207 0.020719 0.014648
8 0.415676 0.220883 0.041430 0.029297
8 0.415676 0.132992 0.041430 0.029297
8 0.600727 0.005250 0.020719 0.010500
8 0.269191 0.132992 0.041430 0.029297
8 0.269191 0.220883 0.041430 0.029297
12 0.746793 0.437969 0.023195 0.058594
12 0.840793 0.439672 0.023195 0.058594
12 0.932340 0.440336 0.023195 0.058594
12 0.812879 0.078359 0.055508 0.021969
12 0.877574 0.078359 0.055508 0.021969
12 0.942270 0.078359 0.055508 0.021969
12 0.989605 0.078359 0.020789 0.021969
18 0.556781 0.095152 0.020719 0.014648
18 0.552473 0.266172 0.014648 0.020719
18 0.321820 0.031941 0.029297 0.041430
18 0.556781 0.025152 0.020719 0.014648