8 0.406820 0.259816 0.020719 0.014648
8 0.726129 0.152125 0.041430 0.029297
8 0.041699 0.328898 0.041430 0.029297
8 0.217480 0.328898 0.041430 0.029297
8 0.057027 0.509992 0.041430 0.029297
8 0.390285 0.552406 0.041430 0.029297
8 0.057328 0.635301 0.030078 0.028305
8 0.124113 0.728184 0.039805 0.033617
8 0.329980 0.726578 0.027961 0.031953
8 0.582609 0.764020 0.029953 0.034945
8 0.759852 0.761523 0.032953 0.031953
8 0.934590 0.761023 0.028961 0.030953
8 0.992508 0.609250 0.014984 0.030953
8 0.994504 0.492922 0.010992 0.033953
8 0.993008 0.373598 0.013984 0.026961
8 0.602582 0.392566 0.035945 0.066898
8 0.652012 0.412039 0.028961 0.033953
8 0.687457 0.409543 0.023961 0.028961
8 0.719910 0.408039 0.024961 0.029953
8 0.756355 0.409043 0.023961 0.025961
8 0.791801 0.410039 0.026961 0.029953
8 0.820762 0.409543 0.024961 0.038945
8 0.860199 0.412043 0.027961 0.027961
8 0.659000 0.450480 0.032953 0.036945
8 0.680465 0.454473 0.015977 0.036945
8 0.717910 0.453480 0.024961 0.036945
8 0.751855 0.450984 0.024961 0.033953
8 0.786309 0.452977 0.027961 0.033953
8 0.607070 0.507395 0.030953 0.056914
8 0.651504 0.496910 0.025961 0.037945
8 0.683965 0.499410 0.028961 0.036945
8 0.716910 0.501906 0.024961 0.041937
8 0.756355 0.502410 0.027961 0.028961
8 0.787809 0.499406 0.026961 0.030953
8 0.827254 0.503402 0.027961 0.028961
8 0.858707 0.499410 0.028961 0.036945
8 0.481258 0.539352 0.032953 0.022969
8 0.487254 0.339645 0.028961 0.034945
18 0.590367 0.035461 0.029984 0.029984
18 0.318383 0.044734 0.031406 0.031406
18 0.062105 0.051164 0.035695 0.038547
18 0.887336 0.044734 0.029984 0.031406
18 0.236293 0.538727 0.024273 0.031406
18 0.319813 0.648660 0.031406 0.039977