8 0.784637 0.390523 0.041430 0.029297
8 0.653410 0.900398 0.041430 0.029297
8 0.826918 0.645422 0.041430 0.029297
12 0.682012 0.548789 0.012383 0.061922
12 0.740391 0.549672 0.011500 0.061031
12 0.803863 0.548785 0.011945 0.060148
12 0.857156 0.549895 0.011500 0.061477
12 0.682516 0.797500 0.009484 0.061406
12 0.741172 0.798250 0.008984 0.062906
12 0.805828 0.797992 0.008484 0.061406
12 0.857508 0.797996 0.010984 0.059414
12 0.060746 0.790781 0.012945 0.061578
12 0.344102 0.789207 0.012547 0.060789