8 0.937500 0.448434 0.029297 0.041430
8 0.937500 0.600973 0.029297 0.041430
8 0.937500 0.295895 0.029297 0.041430
8 0.792184 0.403516 0.041430 0.029297
8 0.792184 0.708789 0.041430 0.029297
8 0.509180 0.630270 0.029297 0.041430
8 0.509180 0.477730 0.029297 0.041430
8 0.509180 0.325191 0.029297 0.041430
8 0.363672 0.403512 0.029297 0.041430
8 0.363668 0.708594 0.041430 0.029297
8 0.080660 0.708789 0.041430 0.029297
8 0.080664 0.559566 0.029297 0.041430
8 0.080664 0.309176 0.029297 0.041430
8 0.080664 0.426363 0.029297 0.041430
8 0.080664 0.021285 0.029297 0.041430
8 0.379883 0.945309 0.029297 0.041430
8 0.509180 0.937496 0.029297 0.041430
8 0.761520 0.973633 0.041430 0.029297
8 0.886910 0.966211 0.041430 0.029297
8 0.222262 0.193359 0.041430 0.029297
8 0.828707 0.824609 0.041430 0.029297
8 0.792188 0.273434 0.029297 0.041430
8 0.776953 0.013871 0.029297 0.027742
8 0.952734 0.013871 0.029297 0.027742
8 0.944828 0.754395 0.020719 0.014648
8 0.968355 0.977344 0.041430 0.029297
8 0.317922 0.061711 0.028344 0.030172
8 0.463305 0.062625 0.030172 0.030172
8 0.222301 0.659789 0.024727 0.025750
8 0.278441 0.821008 0.033992 0.030906
8 0.539578 0.824098 0.030906 0.032961
8 0.651344 0.675758 0.027812 0.028844
8 0.365488 0.555750 0.032961 0.029875
8 0.792988 0.556262 0.032961 0.032961
8 0.649805 0.208086 0.030906 0.028844