8 0.681406 0.106941 0.020719 0.014648
8 0.129695 0.106254 0.020719 0.014648
8 0.800129 0.918430 0.041430 0.029297
8 0.829426 0.766141 0.041430 0.029297
8 0.829426 0.502469 0.041430 0.029297
8 0.644426 0.616305 0.041430 0.029297
8 0.830754 0.394742 0.041430 0.029297
8 0.753230 0.191953 0.041430 0.029297
8 0.519594 0.196457 0.029297 0.041430
8 0.201148 0.196684 0.029297 0.041430
12 0.244402 0.056309 0.061680 0.024414
12 0.474113 0.047527 0.061680 0.024414
12 0.770027 0.052168 0.061680 0.024414
21 0.200043 0.586504 0.022305 0.024414
21 0.201906 0.494328 0.020078 0.021969
18 0.007258 0.284344 0.014516 0.029297
18 0.199520 0.284344 0.041430 0.029297
18 0.521223 0.284344 0.041430 0.029297
18 0.593523 0.140902 0.020719 0.014648
18 0.669570 0.198199 0.020719 0.014648
18 0.478395 0.502469 0.041430 0.029297
18 0.829426 0.648953 0.041430 0.029297
18 0.720414 0.623137 0.020719 0.014648
18 0.564918 0.502469 0.041430 0.029297
8 0.059656 0.228039 0.019359 0.018641
8 0.448633 0.394391 0.031547 0.031547
8 0.403098 0.605906 0.035133 0.031547
8 0.330680 0.918523 0.030828 0.027250
8 0.536461 0.920316 0.032266 0.029398
12 0.038984 0.642977 0.061906 0.011984