8 0.052340 0.193750 0.041430 0.029297
8 0.126363 0.193750 0.041430 0.029297
8 0.364254 0.196484 0.041430 0.029297
8 0.512691 0.277148 0.041430 0.029297
8 0.725195 0.277145 0.029297 0.041430
8 0.825973 0.277148 0.041430 0.029297
8 0.937496 0.277148 0.041430 0.029297
8 0.080664 0.668746 0.029297 0.041430
8 0.080664 0.821285 0.029297 0.041430
8 0.222262 0.989355 0.041430 0.021289
8 0.792188 0.513668 0.029297 0.041430
8 0.936129 0.513672 0.041430 0.029297
8 0.334371 0.595508 0.041430 0.029297
8 0.509180 0.750973 0.029297 0.041430
8 0.776953 0.807027 0.029297 0.041430
8 0.952734 0.807027 0.029297 0.041430
8 0.335746 0.750613 0.032914 0.031086
8 0.223734 0.730043 0.032000 0.033836
8 0.317922 0.861711 0.028344 0.030172
8 0.463305 0.862625 0.030172 0.030172
8 0.477480 0.558590 0.029258 0.029258
8 0.790656 0.669230 0.030172 0.029258
8 0.937723 0.669172 0.033992 0.030906
8 0.080141 0.514133 0.026781 0.029875
8 0.334070 0.479625 0.029875 0.030906