8 0.542422 0.073371 0.029297 0.041430
8 0.371520 0.073367 0.041430 0.029297
8 0.192730 0.073367 0.041430 0.029297
8 0.262906 0.233543 0.029297 0.041430
8 0.156262 0.421344 0.041430 0.029297
8 0.344152 0.831484 0.041430 0.029297
8 0.519543 0.317586 0.041430 0.029297
8 0.733004 0.258949 0.038086 0.026930
8 0.041285 0.073367 0.041430 0.029297
8 0.380402 0.317586 0.041430 0.029297
12 0.025910 0.882086 0.051820 0.021969
12 0.083270 0.882086 0.055508 0.021969
12 0.140004 0.882086 0.055508 0.021969
21 0.386129 0.477152 0.024414 0.022305
21 0.521988 0.477152 0.024414 0.022305
21 0.661621 0.519613 0.022305 0.024414
21 0.314313 0.480047 0.021969 0.020078
21 0.429812 0.477000 0.021969 0.020078
21 0.662648 0.610773 0.020078 0.021969
12 0.860746 0.790781 0.012945 0.061578