8 0.344152 0.031484 0.041430 0.029297
8 0.967801 0.342625 0.041430 0.029297
12 0.393434 0.486293 0.061680 0.024414
12 0.699449 0.486293 0.061680 0.024414
12 0.920855 0.486293 0.061680 0.024414
12 0.025910 0.082086 0.051820 0.021969
12 0.083270 0.082086 0.055508 0.021969
12 0.140004 0.082086 0.055508 0.021969
12 0.175719 0.275238 0.022125 0.055898
12 0.175719 0.216645 0.022125 0.055898
12 0.095605 0.431563 0.023195 0.058594
12 0.184723 0.431563 0.023195 0.058594
12 0.009656 0.431563 0.019312 0.058594
12 0.175539 0.333707 0.021469 0.059414
12 0.860746 0.010785 0.012945 0.021570