8 0.982008 0.027000 0.035984 0.029297
8 0.680777 0.027000 0.041430 0.029297
8 0.461051 0.027000 0.041430 0.029297
8 0.868312 0.027191 0.020719 0.014648
8 0.260617 0.093441 0.020719 0.014648
8 0.344473 0.420539 0.041430 0.029297
8 0.325473 0.992863 0.041430 0.014273
8 0.922840 0.272227 0.041430 0.029297
8 0.699965 0.597312 0.041430 0.029297
8 0.596375 0.834832 0.020719 0.014648
8 0.615855 0.705961 0.014648 0.020719
8 0.600824 0.572789 0.041430 0.029297
12 0.758602 0.861824 0.058594 0.023195
12 0.825734 0.861824 0.058594 0.023195
12 0.892875 0.861824 0.058594 0.023195
12 0.960016 0.861824 0.058594 0.023195
18 0.798063 0.054590 0.020719 0.014648
18 0.317219 0.052316 0.020719 0.014648
18 0.266879 0.941781 0.041430 0.029297
18 0.679250 0.797887 0.020719 0.014648
18 0.679254 0.740375 0.014648 0.020719
18 0.531238 0.626609 0.041430 0.029297
12 0.574980 0.273918 0.017977 0.066898
12 0.691809 0.271922 0.017977 0.062906
12 0.823113 0.270426 0.014977 0.059914
8 0.732242 0.422203 0.030953 0.031953
8 0.989191 0.420707 0.021617 0.026961
8 0.343812 0.218000 0.030953 0.032953
8 0.324844 0.808633 0.030953 0.031953
8 0.325344 0.613918 0.031953 0.027961
18 0.286898 0.161086 0.030953 0.032953
18 0.284402 0.361289 0.025961 0.031953
18 0.267426 0.556504 0.035945 0.038945
18 0.267430 0.753215 0.033953 0.034945
18 0.726754 0.508078 0.027961 0.033953
18 0.559496 0.422203 0.036945 0.031953