8 0.189801 0.230258 0.041430 0.029297
8 0.189801 0.406039 0.041430 0.029297
8 0.189801 0.609258 0.041430 0.029297
8 0.017176 0.313633 0.034352 0.029297
8 0.040113 0.514602 0.041430 0.029297
12 0.298250 0.665410 0.058594 0.023195
12 0.299094 0.706918 0.058594 0.023195
12 0.297383 0.804574 0.058594 0.023195
12 0.299094 0.757723 0.058594 0.023195
8 0.062699 0.757711 0.024961 0.031953
8 0.358266 0.123141 0.032953 0.030953
8 0.355766 0.239469 0.031953 0.031953
8 0.354270 0.357797 0.034945 0.030953
18 0.029246 0.142117 0.023961 0.032953
18 0.087336 0.844734 0.029984 0.031406