8 0.772707 0.662586 0.041430 0.029297
8 0.984543 0.230258 0.030914 0.029297
8 0.984543 0.406039 0.030914 0.029297
8 0.984543 0.609258 0.030914 0.029297
8 0.726129 0.952125 0.041430 0.029297
8 0.778168 0.788562 0.041430 0.029297
8 0.813637 0.313633 0.041430 0.029297
8 0.840113 0.514602 0.041430 0.029297
8 0.781520 0.397414 0.041430 0.029297
8 0.386277 0.319594 0.041430 0.029297
8 0.283594 0.276996 0.020719 0.014648
8 0.156215 0.027000 0.041430 0.029297
8 0.347254 0.027000 0.041430 0.029297
8 0.563934 0.030828 0.041430 0.029297
8 0.085152 0.758883 0.041430 0.029297
8 0.228809 0.785586 0.041430 0.029297
18 0.421035 0.233570 0.041430 0.029297
18 0.225250 0.324246 0.020719 0.014648
12 0.042406 0.270926 0.009984 0.060914
8 0.219648 0.425695 0.032953 0.042938
8 0.216148 0.147602 0.031953 0.041938
8 0.564137 0.140613 0.028961 0.027961
8 0.664488 0.398730 0.027961 0.034945
8 0.719910 0.513070 0.026961 0.031953
8 0.862699 0.757711 0.024961 0.031953
18 0.829246 0.142117 0.023961 0.032953
18 0.758352 0.244961 0.029953 0.032953
18 0.590367 0.835461 0.029984 0.029984
18 0.318383 0.844734 0.031406 0.031406
18 0.062105 0.851164 0.035695 0.038547
18 0.887336 0.844734 0.029984 0.031406