8 0.481551 0.928945 0.041430 0.029297
8 0.114105 0.929555 0.041430 0.029297
8 0.403715 0.409727 0.041430 0.029297
8 0.213934 0.238328 0.041430 0.029297
8 0.213934 0.150437 0.041430 0.029297
8 0.424285 0.084750 0.041430 0.029297
21 0.016777 0.480809 0.024414 0.022305
18 0.704898 0.873863 0.020719 0.014648
18 0.955441 0.773609 0.041430 0.029297
12 0.133508 0.785969 0.010094 0.065609
12 0.296270 0.785336 0.012617 0.064344
8 0.086195 0.430793 0.034062 0.036586
8 0.289328 0.407453 0.039109 0.030281
8 0.518961 0.409980 0.029016 0.027758
8 0.982645 0.392312 0.032805 0.030281
8 0.639457 0.915922 0.027758 0.030281
18 0.389641 0.929801 0.025234 0.037852
18 0.206691 0.955039 0.032805 0.025234
18 0.129723 0.141867 0.032805 0.034062
18 0.127832 0.249742 0.026492 0.030281