8 0.402152 0.577219 0.041430 0.029297
8 0.402152 0.313547 0.041430 0.029297
8 0.687453 0.121402 0.029297 0.041430
8 0.892535 0.121406 0.041430 0.029297
8 0.814980 0.219836 0.041430 0.029297
8 0.365215 0.141867 0.041430 0.029297
8 0.402152 0.460031 0.041430 0.029297
8 0.622566 0.550758 0.041430 0.029297
8 0.567332 0.727820 0.041430 0.029297
8 0.479441 0.727820 0.041430 0.029297
8 0.391551 0.727820 0.041430 0.029297
8 0.332957 0.874305 0.041430 0.029297
8 0.332957 0.962195 0.041430 0.029297
8 0.450145 0.845008 0.041430 0.029297
8 0.567332 0.845008 0.041430 0.029297
8 0.332957 0.786414 0.041430 0.029297
8 0.440305 0.984965 0.020719 0.014648
8 0.629891 0.984965 0.020719 0.014648
8 0.838176 0.662055 0.041430 0.029297
12 0.870219 0.869074 0.058594 0.023195
12 0.947621 0.942219 0.023195 0.058594
18 0.507074 0.927930 0.014648 0.020719
18 0.560730 0.927930 0.014648 0.020719
18 0.996742 0.250082 0.006516 0.014648
18 0.505379 0.580055 0.041430 0.029297
8 0.725879 0.340207 0.033617 0.033617
8 0.831141 0.427340 0.031844 0.032727
12 0.311898 0.343742 0.063687 0.015922
12 0.312344 0.409203 0.061031 0.015922
12 0.312789 0.480852 0.070766 0.008844
12 0.312348 0.553828 0.062805 0.011500
12 0.311906 0.275188 0.061922 0.013266
18 0.697570 0.278289 0.030078 0.024766
18 0.599387 0.296867 0.026539 0.030078
18 0.449449 0.237156 0.032727 0.029187
8 0.519773 0.109336 0.031844 0.031844
8 0.628582 0.209293 0.033617 0.033617
18 0.836895 0.514469 0.032727 0.031844
12 0.783379 0.940832 0.012383 0.058383
12 0.928891 0.869180 0.057500 0.023000
12 0.978816 0.870066 0.042367 0.019461
8 0.728555 0.629520 0.029016 0.027758