8 0.446496 0.338375 0.041430 0.029297
8 0.358074 0.018945 0.014648 0.020719
8 0.736184 0.032133 0.041430 0.029297
8 0.841699 0.328898 0.041430 0.029297
8 0.857027 0.509992 0.041430 0.029297
12 0.017418 0.928027 0.034836 0.041648
12 0.061051 0.905934 0.059961 0.040227
12 0.114527 0.886645 0.060695 0.039633
12 0.172297 0.867633 0.060578 0.038141
12 0.228398 0.851195 0.059625 0.036125
12 0.371777 0.827336 0.059492 0.031766
12 0.429867 0.818082 0.059078 0.030102
12 0.490219 0.810484 0.058594 0.028375
12 0.027516 0.061824 0.055031 0.023195
12 0.092875 0.061824 0.058594 0.023195
12 0.160016 0.061824 0.058594 0.023195
12 0.227156 0.061824 0.058594 0.023195
12 0.040461 0.415863 0.058594 0.023195
12 0.157648 0.415863 0.058594 0.023195
12 0.274836 0.415863 0.058594 0.023195
12 0.040461 0.314512 0.058594 0.023195
12 0.157648 0.314512 0.058594 0.023195
12 0.274836 0.314512 0.058594 0.023195
18 0.459289 0.068855 0.020719 0.014648
18 0.512195 0.068855 0.020719 0.014648
18 0.314133 0.048246 0.020719 0.014648
12 0.011805 0.491926 0.023609 0.017977
12 0.057559 0.492422 0.059914 0.018969
12 0.115473 0.494414 0.055914 0.020969
12 0.172891 0.493918 0.052922 0.015977
12 0.233301 0.490926 0.059914 0.015977
12 0.337145 0.489426 0.067898 0.014977
12 0.401055 0.494418 0.061906 0.014977
12 0.453977 0.492422 0.053922 0.012984
12 0.511391 0.490926 0.052922 0.015977
8 0.857328 0.635301 0.030078 0.028305
8 0.722879 0.732160 0.033617 0.032727
8 0.924113 0.728184 0.039805 0.033617
8 0.412832 0.212477 0.030961 0.031844
18 0.862105 0.051164 0.035695 0.038547
18 0.696488 0.241766 0.032836 0.034266
18 0.498750 0.184656 0.034266 0.034266
18 0.535156 0.308156 0.027125 0.029984
18 0.668652 0.365262 0.028555 0.032836
18 0.684355 0.645809 0.039977 0.037117
18 0.682211 0.471621 0.027125 0.025695