8 0.986008 0.073367 0.027984 0.029297
8 0.743246 0.073367 0.041430 0.029297
8 0.740645 0.233539 0.041430 0.029297
8 0.633996 0.516781 0.041430 0.029297
8 0.956262 0.421344 0.041430 0.029297
8 0.841285 0.073367 0.041430 0.029297
8 0.734703 0.536012 0.020719 0.014648
8 0.549625 0.315723 0.020719 0.014648
12 0.180961 0.672133 0.020906 0.052812
12 0.177754 0.923758 0.023195 0.058594
12 0.180965 0.555547 0.023195 0.058594
12 0.180961 0.613539 0.020906 0.052812
12 0.180965 0.731328 0.023195 0.058594
12 0.305566 0.661781 0.023195 0.058594
12 0.305566 0.793461 0.023195 0.058594
12 0.824066 0.882086 0.055508 0.021969
12 0.883270 0.882086 0.055508 0.021969
12 0.940004 0.882086 0.055508 0.021969
12 0.180965 0.790641 0.023195 0.058594
12 0.364129 0.661781 0.023195 0.058594
12 0.364129 0.793461 0.023195 0.058594
12 0.308773 0.924707 0.011375 0.061180
12 0.361719 0.923344 0.012156 0.057656
12 0.592262 0.987324 0.011477 0.025352
12 0.312266 0.530742 0.011984 0.062906
12 0.360945 0.530242 0.011484 0.063906