8 0.894418 0.114367 0.014648 0.020719
8 0.363141 0.123582 0.020719 0.014648
8 0.132703 0.843918 0.020719 0.014648
8 0.753008 0.206676 0.029297 0.041430
12 0.187504 0.064770 0.061680 0.024414
12 0.476957 0.066137 0.061680 0.024414
12 0.738879 0.547637 0.024414 0.061680
12 0.797473 0.547637 0.024414 0.061680
12 0.856066 0.547637 0.024414 0.061680
12 0.738879 0.795980 0.024414 0.061680
12 0.797473 0.795980 0.024414 0.061680
12 0.856066 0.795980 0.024414 0.061680
12 0.914660 0.795980 0.024414 0.061680
12 0.713621 0.065988 0.061680 0.024414
12 0.986730 0.065988 0.026539 0.024414
18 0.434551 0.294562 0.041430 0.029297
18 0.753004 0.294562 0.041430 0.029297
18 0.961895 0.294562 0.041430 0.029297
18 0.891133 0.210949 0.020719 0.014648
18 0.828984 0.148801 0.020719 0.014648
18 0.279449 0.832516 0.041430 0.029297
8 0.623547 0.928602 0.032703 0.033453
8 0.211547 0.928957 0.028719 0.034195
8 0.205398 0.757645 0.032828 0.036242
8 0.422187 0.774402 0.035562 0.034195
8 0.015965 0.773371 0.031461 0.030773
8 0.962094 0.205426 0.032141 0.034195
8 0.947398 0.404430 0.032828 0.032828
8 0.507324 0.404430 0.030773 0.032828
8 0.036480 0.404430 0.027352 0.032828
18 0.225738 0.293438 0.033336 0.031375
8 0.944824 0.929086 0.033336 0.028438
8 0.656195 0.775078 0.032234 0.034594
8 0.653922 0.658008 0.031453 0.033812
8 0.772648 0.665473 0.029875 0.028305
8 0.863859 0.665078 0.031453 0.029094
12 0.916617 0.548477 0.016516 0.061328