8 0.846965 0.251633 0.041430 0.029297
8 0.979961 0.060594 0.040078 0.029297
8 0.729777 0.163742 0.041430 0.029297
8 0.776316 0.695281 0.041430 0.029297
8 0.893504 0.695281 0.041430 0.029297
8 0.216855 0.562758 0.041430 0.029297
8 0.176957 0.708859 0.041430 0.029297
8 0.435590 0.702758 0.041430 0.029297
8 0.503949 0.574969 0.041430 0.029297
8 0.395309 0.574969 0.041430 0.029297
8 0.879121 0.531438 0.041430 0.029297
8 0.824844 0.116441 0.020719 0.014648
8 0.304746 0.504164 0.041430 0.029297
8 0.849824 0.590031 0.041430 0.029297
8 0.776316 0.753945 0.041430 0.029297
8 0.893504 0.753945 0.041430 0.029297
8 0.790781 0.530609 0.031563 0.031563
8 0.761691 0.590641 0.029086 0.031563
8 0.498188 0.359004 0.031563 0.032180
8 0.234422 0.359805 0.032797 0.031563