8 0.929695 0.106254 0.020719 0.014648
8 0.406016 0.106254 0.020719 0.014648
8 0.129031 0.741887 0.029297 0.041430
8 0.099730 0.561367 0.041430 0.029297
8 0.369238 0.561367 0.041430 0.029297
8 0.369238 0.766445 0.041430 0.029297
8 0.731145 0.743938 0.041430 0.029297
8 0.693254 0.365445 0.041430 0.029297
8 0.588695 0.500660 0.020719 0.014648
8 0.526512 0.826898 0.014648 0.020719
8 0.187473 0.562445 0.041430 0.029297
8 0.379848 0.355352 0.041430 0.029297
8 0.993250 0.196684 0.013500 0.041430
8 0.793648 0.195285 0.026500 0.037477
8 0.475203 0.195285 0.026500 0.037477
8 0.264906 0.196684 0.029297 0.041430
12 0.720176 0.486906 0.055898 0.022125
12 0.779109 0.486906 0.052812 0.020906
12 0.645535 0.565547 0.023195 0.058594
12 0.009852 0.055996 0.019703 0.024414
12 0.226746 0.055996 0.061680 0.024414
12 0.516207 0.055996 0.061680 0.024414
12 0.752918 0.055973 0.061680 0.024414
21 0.994445 0.586504 0.011109 0.024414
21 0.995934 0.494328 0.008133 0.021969
18 0.264910 0.284578 0.041430 0.029297
18 0.793801 0.284344 0.041430 0.029297
18 0.989402 0.284344 0.021195 0.029297
18 0.337719 0.142152 0.020719 0.014648
18 0.403039 0.200965 0.020719 0.014648
18 0.281348 0.502773 0.041430 0.029297
18 0.672551 0.831828 0.041430 0.029297
18 0.525664 0.529613 0.020719 0.014648
18 0.005883 0.648957 0.011766 0.041430
8 0.859656 0.228039 0.019359 0.018641
8 0.778633 0.917445 0.030828 0.030828
12 0.719918 0.642727 0.060414 0.011484
12 0.779324 0.643477 0.058414 0.011984
12 0.838984 0.642977 0.061906 0.011984