8 0.485156 0.083785 0.029297 0.041430
8 0.485156 0.234957 0.029297 0.041430
8 0.485152 0.352148 0.041430 0.029297
8 0.492578 0.592770 0.029297 0.041430
8 0.492574 0.745313 0.041430 0.029297
8 0.493746 0.898047 0.041430 0.029297
8 0.049215 0.708594 0.041430 0.029297
8 0.049219 0.403512 0.029297 0.041430
8 0.194531 0.403512 0.029297 0.041430
8 0.182227 0.656051 0.029297 0.041430
8 0.063277 0.948047 0.041430 0.029297
8 0.239059 0.948047 0.041430 0.029297
8 0.033984 0.013871 0.029297 0.027742
8 0.139680 0.821523 0.028844 0.027812
8 0.335406 0.705117 0.026781 0.029875
8 0.049031 0.554203 0.028844 0.028844
8 0.335914 0.381664 0.025750 0.029875
8 0.176766 0.265773 0.028844 0.028844
8 0.207672 0.012363 0.030906 0.024727