8 0.590309 0.222414 0.014648 0.020719
8 0.325473 0.200375 0.041430 0.029297
8 0.596375 0.034832 0.020719 0.014648
12 0.750773 0.951352 0.060688 0.043563
12 0.804855 0.928027 0.059961 0.041648
12 0.861051 0.905934 0.059961 0.040227
12 0.914527 0.886645 0.060695 0.039633
12 0.971004 0.867633 0.057992 0.038141
12 0.697395 0.975367 0.060055 0.043109
12 0.758602 0.061824 0.058594 0.023195
12 0.825734 0.061824 0.058594 0.023195
12 0.892875 0.061824 0.058594 0.023195
12 0.960016 0.061824 0.058594 0.023195
12 0.723273 0.415863 0.058594 0.023195
12 0.840461 0.415863 0.058594 0.023195
12 0.957648 0.415863 0.058594 0.023195
12 0.723273 0.314512 0.058594 0.023195
12 0.840461 0.314512 0.058594 0.023195
12 0.957648 0.314512 0.058594 0.023195
18 0.455664 0.239895 0.020719 0.014648
18 0.266879 0.141781 0.041430 0.029297
18 0.679250 0.002605 0.020719 0.005211
12 0.740230 0.490926 0.070898 0.015977
12 0.800145 0.491926 0.046930 0.017977
12 0.857559 0.492422 0.059914 0.018969
12 0.915473 0.494414 0.055914 0.020969
12 0.972891 0.493918 0.052922 0.015977
12 0.527043 0.648187 0.047930 0.030953
12 0.587957 0.627223 0.059914 0.034945
12 0.616914 0.575297 0.009984 0.054922
12 0.485609 0.757531 0.032953 0.053922
12 0.506078 0.811949 0.031953 0.058914
12 0.527047 0.867367 0.029953 0.053922
12 0.548016 0.927781 0.033953 0.054922
12 0.562992 0.975121 0.033953 0.049758
8 0.324844 0.012305 0.030953 0.024609