8 0.286129 0.250391 0.041430 0.029297
8 0.432223 0.250391 0.041430 0.029297
8 0.852340 0.193750 0.041430 0.029297
8 0.926363 0.193750 0.041430 0.029297
8 0.880664 0.668746 0.029297 0.041430
8 0.880664 0.821285 0.029297 0.041430
8 0.290430 0.929293 0.029297 0.041430
8 0.268746 0.556445 0.041430 0.029297
8 0.365039 0.567574 0.029297 0.041430
8 0.092969 0.408980 0.029297 0.041430
8 0.595609 0.247754 0.020719 0.014648
8 0.727641 0.248926 0.020719 0.014648
8 0.290426 0.724219 0.041430 0.029297
8 0.290430 0.812105 0.029297 0.041430
8 0.478391 0.572852 0.026781 0.029875
8 0.480453 0.674836 0.026781 0.027812
8 0.880141 0.514133 0.026781 0.029875
8 0.749828 0.509500 0.027812 0.030906
8 0.674629 0.365797 0.033992 0.029875
8 0.614367 0.625906 0.026781 0.028844
8 0.670508 0.963273 0.027812 0.029875