8 0.678980 0.104383 0.014648 0.020719
8 0.929031 0.741887 0.029297 0.041430
8 0.899730 0.561367 0.041430 0.029297
8 0.983379 0.562445 0.033242 0.029297
12 0.640629 0.537645 0.024414 0.061680
12 0.640629 0.785996 0.024414 0.061680
12 0.699223 0.785996 0.024414 0.061680
12 0.788863 0.055996 0.061680 0.024414
18 0.746457 0.284578 0.041430 0.029297
18 0.675695 0.200965 0.020719 0.014648
18 0.797117 0.648957 0.029297 0.041430
8 0.729336 0.917090 0.031547 0.030117
8 0.647961 0.654301 0.032266 0.029398
8 0.731492 0.395102 0.031547 0.031547
12 0.699371 0.537879 0.016977 0.060414