8 0.880660 0.708789 0.041430 0.029297
8 0.880664 0.559566 0.029297 0.041430
8 0.880664 0.309176 0.029297 0.041430
8 0.880664 0.426363 0.029297 0.041430
8 0.880664 0.021285 0.029297 0.041430
8 0.290430 0.129293 0.029297 0.041430
8 0.290430 0.245699 0.029297 0.041430
8 0.369723 0.687305 0.041430 0.029297
8 0.369727 0.833785 0.029297 0.041430
8 0.696484 0.988566 0.029297 0.022867
8 0.351562 0.993449 0.029297 0.013102
8 0.722070 0.586910 0.029297 0.041430
8 0.722066 0.704102 0.041430 0.029297
8 0.722070 0.304293 0.029297 0.041430
8 0.722066 0.420508 0.041430 0.029297
8 0.315426 0.609766 0.041430 0.029297
8 0.400191 0.609766 0.041430 0.029297
8 0.340430 0.398629 0.029297 0.041430
8 0.597652 0.271484 0.041430 0.029297
8 0.290430 0.016410 0.029297 0.032820
8 0.478906 0.662883 0.029875 0.031938
8 0.596344 0.555750 0.029875 0.031938
8 0.756016 0.822555 0.031938 0.029875
8 0.479422 0.225082 0.028844 0.036055
8 0.670508 0.163273 0.027812 0.029875