8 0.894961 0.434230 0.020719 0.014648
8 0.366863 0.428687 0.014648 0.020719
8 0.132703 0.043918 0.020719 0.014648
8 0.753008 0.341348 0.029297 0.041430
8 0.961898 0.341348 0.029297 0.041430
12 0.178285 0.485395 0.061680 0.024414
12 0.481395 0.485395 0.061680 0.024414
12 0.738879 0.013410 0.024414 0.026820
12 0.797473 0.013410 0.024414 0.026820
12 0.856066 0.013410 0.024414 0.026820
12 0.914660 0.013410 0.024414 0.026820
12 0.705629 0.485395 0.061680 0.024414
12 0.988914 0.485395 0.022172 0.024414
18 0.885000 0.346199 0.020719 0.014648
18 0.825695 0.397301 0.020719 0.014648
18 0.753004 0.253461 0.041430 0.029297
18 0.961895 0.253461 0.041430 0.029297
18 0.279449 0.032516 0.041430 0.029297
18 0.225660 0.253461 0.041430 0.029297
18 0.434555 0.253457 0.029297 0.041430
8 0.823375 0.303918 0.016703 0.018617
8 0.623547 0.128602 0.032703 0.033453
8 0.211547 0.128957 0.028719 0.034195
8 0.224891 0.341637 0.032141 0.034195
8 0.292590 0.312234 0.019836 0.015047
8 0.434492 0.343008 0.032828 0.035562
8 0.944824 0.129086 0.033336 0.028438