8 0.956215 0.027000 0.041430 0.029297
8 0.763348 0.027000 0.041430 0.029297
8 0.571082 0.027000 0.041430 0.029297
8 0.380652 0.027000 0.041430 0.029297
8 0.184730 0.027000 0.041430 0.029297
8 0.068312 0.027191 0.020719 0.014648
8 0.445707 0.316852 0.041430 0.029297
8 0.326434 0.316547 0.041430 0.029297
8 0.122840 0.272227 0.041430 0.029297
8 0.485180 0.737605 0.029297 0.041430
8 0.371652 0.717250 0.014648 0.020719
8 0.358074 0.818945 0.014648 0.020719
8 0.736184 0.832133 0.041430 0.029297
8 0.885152 0.758883 0.041430 0.029297
12 0.611496 0.272820 0.023195 0.058594
12 0.027516 0.861824 0.055031 0.023195
12 0.092875 0.861824 0.058594 0.023195
12 0.160016 0.861824 0.058594 0.023195
12 0.227156 0.861824 0.058594 0.023195
21 0.390949 0.478340 0.024414 0.022305
21 0.526809 0.478340 0.024414 0.022305
21 0.782582 0.478340 0.024414 0.022305
21 0.312687 0.476961 0.021969 0.020078
21 0.434633 0.476961 0.021969 0.020078
21 0.692242 0.477992 0.021969 0.020078
18 0.004211 0.054590 0.008422 0.014648
18 0.325102 0.776113 0.020719 0.014648
18 0.459289 0.868855 0.020719 0.014648
18 0.512195 0.868855 0.020719 0.014648
18 0.314133 0.848246 0.020719 0.014648
12 0.023113 0.270426 0.014977 0.059914
12 0.726078 0.272922 0.010984 0.062906
12 0.842406 0.270926 0.009984 0.060914
8 0.196855 0.420707 0.036945 0.026961
8 0.635211 0.143609 0.030953 0.031953
18 0.323672 0.228484 0.032953 0.031953
18 0.474945 0.229484 0.029953 0.031953
18 0.862105 0.851164 0.035695 0.038547
18 0.498750 0.983762 0.034266 0.032477