12 0.297383 0.008086 0.058594 0.016172
8 0.134590 0.761023 0.028961 0.030953
8 0.309332 0.761027 0.026961 0.026961
8 0.200492 0.609250 0.030953 0.030953
8 0.201988 0.492922 0.025961 0.033953
8 0.197500 0.373598 0.022969 0.026961
8 0.020762 0.409543 0.024961 0.038945
8 0.060199 0.412043 0.027961 0.027961
8 0.027254 0.503402 0.027961 0.028961
8 0.058707 0.499410 0.028961 0.036945
8 0.331805 0.392062 0.031953 0.061906
8 0.331301 0.510895 0.034945 0.059914
8 0.383223 0.410039 0.026961 0.033953
8 0.414684 0.411039 0.027961 0.029953
8 0.449629 0.408539 0.023961 0.030953
8 0.384223 0.451980 0.028961 0.035945
8 0.410187 0.449484 0.018969 0.042938
8 0.446137 0.453473 0.028961 0.034945
8 0.384723 0.499906 0.025961 0.031953
8 0.415176 0.498906 0.024961 0.039937
8 0.447629 0.501402 0.025961 0.034945
18 0.087336 0.044734 0.029984 0.031406