8 0.949578 0.352488 0.020719 0.014648
8 0.914105 0.129555 0.041430 0.029297
8 0.649059 0.084695 0.041430 0.029297
12 0.034402 0.931551 0.041836 0.062992
12 0.018094 0.978598 0.036188 0.042805
12 0.321137 0.871105 0.062461 0.036633
12 0.550871 0.142219 0.023195 0.058594
12 0.657023 0.684145 0.022125 0.055898
12 0.657027 0.741797 0.023195 0.058594
12 0.657023 0.565074 0.022125 0.055898
12 0.657023 0.624008 0.020906 0.052812
12 0.865961 0.683805 0.020906 0.052812
12 0.865961 0.742738 0.022125 0.055898
12 0.865965 0.566016 0.023195 0.058594
12 0.865961 0.623668 0.022125 0.055898
12 0.489805 0.539977 0.061250 0.031125
12 0.435367 0.843648 0.061812 0.033375
12 0.610223 0.820293 0.060320 0.027992
12 0.167727 0.578262 0.060859 0.037305
12 0.070219 0.069074 0.058594 0.023195
12 0.304594 0.069074 0.058594 0.023195
12 0.036457 0.655098 0.062992 0.041836
12 0.097625 0.944055 0.063016 0.042609
12 0.147621 0.142219 0.023195 0.058594
12 0.032527 0.255820 0.023195 0.058594
12 0.149715 0.255820 0.023195 0.058594
12 0.266902 0.255820 0.023195 0.058594
12 0.264809 0.142219 0.023195 0.058594
12 0.381996 0.142219 0.023195 0.058594
12 0.304914 0.254934 0.013266 0.060148
12 0.070949 0.255824 0.010617 0.058383
12 0.461043 0.141711 0.012383 0.063687
12 0.128891 0.069180 0.057500 0.023000
12 0.187707 0.070066 0.060148 0.019461
12 0.244762 0.067852 0.055727 0.020344
12 0.057000 0.617074 0.053844 0.027852
12 0.109293 0.598195 0.049508 0.028469
12 0.222547 0.564465 0.045797 0.030320
12 0.281031 0.551777 0.053844 0.025992
12 0.341672 0.537852 0.056312 0.021656
12 0.399227 0.528262 0.048891 0.019805
12 0.461738 0.516195 0.057555 0.021656
12 0.515266 0.510320 0.040844 0.016094
12 0.105578 0.626660 0.058172 0.032180
12 0.168391 0.605004 0.050125 0.030945
12 0.218211 0.588598 0.056938 0.029086
12 0.265867 0.575914 0.056938 0.023516
12 0.314441 0.565699 0.058789 0.024133
12 0.371996 0.554875 0.058789 0.022281
12 0.429555 0.543117 0.060031 0.022281
12 0.534758 0.527949 0.043937 0.017945
12 0.005152 0.820570 0.010305 0.055828
12 0.015805 0.870105 0.029875 0.044820
12 0.158125 0.923180 0.044031 0.031453
12 0.212379 0.904699 0.051898 0.025945
12 0.261918 0.887402 0.045602 0.027523
12 0.497012 0.837078 0.055039 0.019656
12 0.555203 0.826074 0.048750 0.022805
8 0.788418 0.081859 0.027758 0.030281
18 0.646469 0.144945 0.023969 0.030281
18 0.793465 0.141156 0.027758 0.030281
12 0.380250 0.253453 0.013875 0.060562
12 0.189102 0.253449 0.010094 0.063086