8 0.086910 0.166211 0.041430 0.029297
8 0.028707 0.024609 0.041430 0.029297
8 0.863277 0.148047 0.041430 0.029297
8 0.581246 0.152148 0.041430 0.029297
8 0.168355 0.177344 0.041430 0.029297
8 0.069918 0.343164 0.041430 0.029297
8 0.216402 0.343164 0.041430 0.029297
8 0.509371 0.343164 0.041430 0.029297
8 0.655855 0.343164 0.041430 0.029297
8 0.801949 0.343164 0.041430 0.029297
8 0.947848 0.343359 0.041430 0.029297
8 0.350961 0.021527 0.029875 0.023695
8 0.643000 0.025645 0.028844 0.036055
8 0.433375 0.152352 0.031938 0.029875
8 0.939680 0.021523 0.028844 0.027812