8 0.145371 0.939430 0.041430 0.029297
8 0.326301 0.963844 0.041430 0.029297
8 0.277871 0.286547 0.041430 0.029297
8 0.502273 0.257426 0.020719 0.014648
8 0.184645 0.758570 0.041430 0.029297
8 0.894254 0.956602 0.041430 0.029297
8 0.673711 0.891824 0.020719 0.014648
8 0.443488 0.963844 0.041430 0.029297
8 0.394473 0.463508 0.041430 0.029297
8 0.247988 0.463508 0.041430 0.029297
8 0.130801 0.463508 0.041430 0.029297
8 0.980715 0.956602 0.038570 0.029297
8 0.699418 0.630937 0.041430 0.029297
12 0.396629 0.794566 0.061680 0.024414
12 0.396629 0.734066 0.061680 0.024414
18 0.902969 0.394863 0.020719 0.014648
18 0.785898 0.394863 0.020719 0.014648
18 0.450266 0.299520 0.020719 0.014648
18 0.227629 0.709742 0.041430 0.029297
18 0.952977 0.786457 0.020719 0.014648
18 0.749277 0.946477 0.014648 0.020719
18 0.365176 0.375617 0.041430 0.029297
18 0.218691 0.375617 0.041430 0.029297
18 0.101504 0.375617 0.041430 0.029297
18 0.160688 0.257246 0.029297 0.041430
18 0.884355 0.803734 0.041430 0.029297
18 0.502082 0.963844 0.041430 0.029297
18 0.380504 0.868977 0.041430 0.029297
8 0.581336 0.953320 0.032188 0.031578
8 0.288840 0.572145 0.027852 0.030461
8 0.432887 0.571719 0.030461 0.033078
8 0.058625 0.168297 0.026984 0.032203
8 0.204414 0.169602 0.033078 0.033078
8 0.351941 0.166988 0.030461 0.036555
8 0.527328 0.169602 0.033078 0.033078
8 0.710969 0.715324 0.034812 0.031336
8 0.859375 0.714453 0.026984 0.026109
18 0.583461 0.257230 0.034266 0.035695