8 0.213105 0.467867 0.041430 0.029297
8 0.874145 0.467867 0.041430 0.029297
8 0.094254 0.956602 0.041430 0.029297
8 0.270035 0.956602 0.041430 0.029297
8 0.585527 0.956602 0.041430 0.029297
8 0.761309 0.956602 0.041430 0.029297
8 0.917383 0.951504 0.020719 0.014648
8 0.502371 0.467867 0.041430 0.029297
8 0.623262 0.467867 0.041430 0.029297
8 0.404559 0.774828 0.041430 0.029297
8 0.287371 0.774828 0.041430 0.029297
8 0.673418 0.956602 0.041430 0.029297
8 0.182145 0.956602 0.041430 0.029297
8 0.221176 0.822203 0.014648 0.020719
21 0.780039 0.638820 0.019531 0.017844
18 0.300996 0.497273 0.041430 0.029297
18 0.102969 0.394863 0.020719 0.014648
18 0.903441 0.379977 0.041430 0.029297
18 0.152977 0.786457 0.020719 0.014648
18 0.850758 0.911098 0.020719 0.014648
18 0.385180 0.497270 0.029297 0.041430
18 0.740449 0.497273 0.041430 0.029297
18 0.888793 0.653539 0.041430 0.029297
18 0.084355 0.803734 0.041430 0.029297
8 0.059375 0.714453 0.026984 0.026109
8 0.362266 0.928566 0.028719 0.027852
8 0.993379 0.877219 0.013242 0.033078
8 0.975879 0.319305 0.030461 0.029594