8 0.046965 0.251633 0.041430 0.029297
8 0.180637 0.060594 0.041430 0.029297
8 0.358926 0.060594 0.041430 0.029297
8 0.405324 0.245684 0.038195 0.027008
8 0.498434 0.531438 0.041430 0.029297
8 0.314301 0.732055 0.041430 0.029297
8 0.093504 0.695281 0.041430 0.029297
8 0.079121 0.531438 0.041430 0.029297
8 0.024844 0.116441 0.020719 0.014648
8 0.697145 0.068758 0.041430 0.029297
8 0.872926 0.068758 0.041430 0.029297
8 0.697145 0.185945 0.041430 0.029297
8 0.872926 0.185945 0.041430 0.029297
8 0.239230 0.148484 0.041430 0.029297
8 0.049824 0.590031 0.041430 0.029297
8 0.093504 0.753945 0.041430 0.029297
21 0.255020 0.566105 0.022305 0.024414
21 0.255578 0.469398 0.020078 0.021969
8 0.505492 0.869746 0.033422 0.030320
8 0.873398 0.301512 0.032797 0.029086
8 0.843699 0.419094 0.034039 0.032797
8 0.805324 0.872719 0.034039 0.031563