12 0.034402 0.131551 0.041836 0.062992
12 0.018094 0.180039 0.036188 0.045688
12 0.321137 0.071105 0.062461 0.036633
12 0.435367 0.043648 0.061812 0.033375
12 0.610223 0.020293 0.060320 0.027992
12 0.097625 0.144055 0.063016 0.042609
12 0.005152 0.024242 0.010305 0.048484
12 0.015805 0.070105 0.029875 0.044820
12 0.158125 0.123180 0.044031 0.031453
12 0.212379 0.104699 0.051898 0.025945
12 0.261918 0.087402 0.045602 0.027523
12 0.497012 0.037078 0.055039 0.019656
12 0.555203 0.026074 0.048750 0.022805