8 0.611750 0.953207 0.020719 0.014648
8 0.415676 0.932992 0.041430 0.029297
8 0.415676 0.757211 0.041430 0.029297
8 0.320457 0.583148 0.041430 0.029297
8 0.466941 0.583148 0.041430 0.029297
8 0.673012 0.150672 0.041430 0.029297
8 0.600727 0.803176 0.020719 0.014648
8 0.818625 0.528902 0.020719 0.014648
8 0.269191 0.932992 0.041430 0.029297
8 0.263230 0.744047 0.041430 0.029297
12 0.812879 0.878359 0.055508 0.021969
12 0.877574 0.878359 0.055508 0.021969
12 0.942270 0.878359 0.055508 0.021969
12 0.989605 0.878359 0.020789 0.021969
18 0.556781 0.895152 0.020719 0.014648
18 0.818625 0.573363 0.020719 0.014648
18 0.321820 0.831941 0.029297 0.041430
18 0.556781 0.825152 0.020719 0.014648
18 0.909906 0.157996 0.029297 0.041430
18 0.732316 0.326453 0.041430 0.029297
18 0.771664 0.500379 0.020719 0.014648
18 0.815035 0.319969 0.041430 0.029297
8 0.924918 0.403063 0.028039 0.035562
8 0.751215 0.403746 0.033508 0.034195
8 0.672566 0.267656 0.036242 0.032828
8 0.969371 0.266969 0.030773 0.032828
8 0.816184 0.234828 0.036242 0.028719
8 0.822699 0.099793 0.033336 0.034320
8 0.576465 0.542816 0.033023 0.033023
8 0.690086 0.689852 0.029094 0.031453