8 0.932703 0.843918 0.020719 0.014648
8 0.258938 0.091535 0.029297 0.041430
8 0.018625 0.528902 0.020719 0.014648
8 0.500832 0.790398 0.041430 0.029297
8 0.373918 0.761102 0.041430 0.029297
12 0.448559 0.065988 0.061680 0.024414
12 0.749613 0.065988 0.061680 0.024414
12 0.978332 0.064770 0.043336 0.024414
12 0.020316 0.878359 0.040633 0.021969
12 0.077574 0.878359 0.055508 0.021969
12 0.142270 0.878359 0.055508 0.021969
12 0.206965 0.878359 0.055508 0.021969
12 0.271668 0.878359 0.055508 0.021969
21 0.443988 0.473543 0.024414 0.022305
21 0.579848 0.475738 0.024414 0.022305
21 0.718270 0.538184 0.022305 0.024414
21 0.366633 0.476250 0.021969 0.020078
21 0.487684 0.474570 0.021977 0.020078
21 0.716656 0.657195 0.020078 0.021969
18 0.486723 0.294414 0.041430 0.029297
18 0.707207 0.294414 0.041430 0.029297
18 0.559426 0.731805 0.041430 0.029297
18 0.432512 0.819695 0.041430 0.029297
18 0.018625 0.573363 0.020719 0.014648
18 0.109906 0.157996 0.029297 0.041430
18 0.017875 0.319969 0.035750 0.029297
8 0.994492 0.757645 0.011016 0.036242
8 0.754422 0.773711 0.030094 0.028719
8 0.815965 0.773371 0.031461 0.030773
8 0.719883 0.928273 0.032141 0.030094
8 0.836480 0.404430 0.027352 0.032828
8 0.124918 0.403063 0.028039 0.035562
8 0.169371 0.266969 0.030773 0.032828
8 0.017152 0.234828 0.034305 0.028719
8 0.022699 0.099793 0.033336 0.034320
8 0.488926 0.207156 0.034320 0.035297