8 0.094254 0.156602 0.041430 0.029297
8 0.094254 0.273789 0.041430 0.029297
8 0.270035 0.273789 0.041430 0.029297
8 0.270035 0.156602 0.041430 0.029297
8 0.585527 0.156602 0.041430 0.029297
8 0.585527 0.273789 0.041430 0.029297
8 0.761309 0.273789 0.041430 0.029297
8 0.761309 0.156602 0.041430 0.029297
8 0.876434 0.215078 0.041430 0.029297
8 0.917383 0.151504 0.020719 0.014648
8 0.673418 0.156602 0.041430 0.029297
8 0.673418 0.273789 0.041430 0.029297
8 0.182145 0.156602 0.041430 0.029297
8 0.182145 0.273789 0.041430 0.029297
8 0.221176 0.022203 0.014648 0.020719
18 0.850758 0.111098 0.020719 0.014648
18 0.876438 0.302965 0.029297 0.041430
18 0.084355 0.009191 0.041430 0.018383
8 0.098539 0.426676 0.026984 0.033945
8 0.245199 0.427539 0.024367 0.032203
8 0.389680 0.427539 0.033078 0.032203
8 0.535902 0.427539 0.027852 0.028719
8 0.681691 0.426672 0.030461 0.028719
8 0.829223 0.428410 0.027852 0.033945
8 0.978055 0.427543 0.033078 0.030461
8 0.994684 0.338766 0.010633 0.028719
8 0.362266 0.128566 0.028719 0.027852
8 0.993379 0.077219 0.013242 0.033078