8 0.025973 0.277148 0.041430 0.029297
8 0.137496 0.277148 0.041430 0.029297
8 0.243746 0.277148 0.041430 0.029297
8 0.349996 0.277148 0.041430 0.029297
8 0.456246 0.274609 0.041430 0.029297
8 0.562301 0.277148 0.041430 0.029297
8 0.668551 0.277148 0.041430 0.029297
8 0.774801 0.277148 0.041430 0.029297
8 0.881051 0.277148 0.041430 0.029297
8 0.983195 0.277148 0.033609 0.029297
8 0.989941 0.516207 0.020117 0.041430
8 0.136129 0.513672 0.041430 0.029297
8 0.420703 0.516207 0.029297 0.041430
8 0.595313 0.479488 0.029297 0.041430
8 0.850586 0.516207 0.029297 0.041430
8 0.405469 0.807027 0.029297 0.041430
8 0.581250 0.807027 0.029297 0.041430
8 0.833984 0.807027 0.029297 0.041430
8 0.152734 0.807027 0.029297 0.041430
8 0.850570 0.666078 0.027813 0.028844
8 0.989410 0.669172 0.021180 0.028844
8 0.957187 0.400305 0.028844 0.030906
8 0.419977 0.669687 0.029875 0.029875
8 0.567289 0.617145 0.031938 0.033992
8 0.705844 0.595516 0.030906 0.029875
8 0.137723 0.669172 0.033992 0.030906
8 0.278336 0.994254 0.028844 0.011492
8 0.707895 0.994770 0.032961 0.010461