8 0.639852 0.429332 0.020719 0.014648
8 0.932703 0.043918 0.020719 0.014648
12 0.040793 0.439672 0.023195 0.058594
12 0.132340 0.440336 0.023195 0.058594
12 0.225113 0.438758 0.023195 0.058594
12 0.320355 0.228508 0.023195 0.058594
12 0.450941 0.485395 0.061680 0.024414
12 0.756191 0.485395 0.061680 0.024414
12 0.973723 0.485395 0.052555 0.024414
12 0.020316 0.078359 0.040633 0.021969
12 0.077574 0.078359 0.055508 0.021969
12 0.142270 0.078359 0.055508 0.021969
12 0.206965 0.078359 0.055508 0.021969
12 0.271668 0.078359 0.055508 0.021969
18 0.498316 0.253461 0.041430 0.029297
18 0.432512 0.019695 0.041430 0.029297
8 0.719883 0.128273 0.032141 0.030094
8 0.497285 0.340266 0.034195 0.032828
8 0.561223 0.317355 0.015727 0.018461
8 0.708941 0.341980 0.033508 0.033508
12 0.319664 0.287594 0.022469 0.058906
18 0.707742 0.253031 0.036172 0.033813