8 0.379883 0.029684 0.029297 0.041430
8 0.509180 0.021871 0.029297 0.041430
8 0.761520 0.058008 0.041430 0.029297
8 0.886910 0.050586 0.041430 0.029297
8 0.108980 0.227539 0.041430 0.029297
8 0.581832 0.645703 0.041430 0.029297
8 0.581832 0.411328 0.041430 0.029297
8 0.471586 0.368066 0.020719 0.014648
8 0.475293 0.604789 0.014648 0.020719
8 0.968355 0.061719 0.041430 0.029297
8 0.254684 0.227539 0.041430 0.029297
8 0.399801 0.227539 0.041430 0.029297
8 0.576754 0.227539 0.041430 0.029297
8 0.723434 0.227539 0.041430 0.029297
8 0.869918 0.227539 0.041430 0.029297