8 0.370434 0.240609 0.041430 0.029297
8 0.546562 0.264871 0.020719 0.014648
12 0.177754 0.123758 0.023195 0.058594
12 0.305566 0.011379 0.023195 0.022758
12 0.824066 0.082086 0.055508 0.021969
12 0.883270 0.082086 0.055508 0.021969
12 0.940004 0.082086 0.055508 0.021969
12 0.727152 0.431563 0.023195 0.058594
12 0.975719 0.275238 0.022125 0.055898
12 0.975719 0.216645 0.022125 0.055898
12 0.895605 0.431563 0.023195 0.058594
12 0.984723 0.431563 0.023195 0.058594
12 0.807715 0.431563 0.023195 0.058594
12 0.180965 0.009969 0.023195 0.019937
12 0.364129 0.011379 0.023195 0.022758
12 0.308773 0.124707 0.011375 0.061180
12 0.361719 0.123344 0.012156 0.057656
12 0.592262 0.203516 0.011477 0.057734
12 0.592613 0.263848 0.011477 0.062945
12 0.975539 0.333707 0.021469 0.059414