8 0.145371 0.139430 0.041430 0.029297
8 0.326301 0.163844 0.041430 0.029297
8 0.894254 0.156602 0.041430 0.029297
8 0.894254 0.273789 0.041430 0.029297
8 0.712770 0.215078 0.041430 0.029297
8 0.673711 0.091824 0.020719 0.014648
8 0.370285 0.427516 0.041430 0.029297
8 0.443488 0.163844 0.041430 0.029297
8 0.516770 0.427516 0.041430 0.029297
8 0.980715 0.156602 0.038570 0.029297
8 0.980715 0.273789 0.038570 0.029297
12 0.098504 0.301441 0.024414 0.061680
12 0.032785 0.303488 0.024414 0.061680
12 0.023152 0.428469 0.023195 0.058594
12 0.133012 0.428469 0.023195 0.058594
12 0.255082 0.428469 0.023195 0.058594
18 0.749277 0.146477 0.014648 0.020719
18 0.490750 0.327074 0.029297 0.041430
18 0.361203 0.327074 0.029297 0.041430
18 0.884355 0.009191 0.041430 0.018383
18 0.502082 0.163844 0.041430 0.029297
18 0.380504 0.068977 0.041430 0.029297
18 0.552930 0.293965 0.029297 0.041430
8 0.432242 0.267793 0.032797 0.033398
8 0.302887 0.268406 0.034008 0.032187
8 0.581336 0.153320 0.032188 0.031578
8 0.667016 0.427109 0.028719 0.033078
8 0.898539 0.426676 0.026984 0.033945
12 0.171566 0.292445 0.012852 0.064250
12 0.250094 0.293160 0.018562 0.062820
18 0.744793 0.303156 0.028555 0.034266