8 0.184711 0.404293 0.020719 0.014648
8 0.652270 0.283469 0.014648 0.020719
8 0.723152 0.404469 0.014648 0.020719
12 0.016234 0.455738 0.032469 0.024414
12 0.304059 0.455738 0.061680 0.024414
12 0.529051 0.455738 0.061680 0.024414
8 0.048273 0.312098 0.033422 0.034039
8 0.257633 0.311539 0.032797 0.034656
8 0.574738 0.311973 0.030320 0.030320
8 0.908363 0.273352 0.061883 0.031563
8 0.907750 0.349477 0.063125 0.031563
8 0.815844 0.312027 0.032797 0.061883
8 0.505492 0.069746 0.033422 0.030320
8 0.805324 0.072719 0.034039 0.031563