8 0.094418 0.114367 0.014648 0.020719
8 0.344469 0.751871 0.029297 0.041430
8 0.315176 0.571359 0.041430 0.029297
8 0.402910 0.572430 0.041430 0.029297
8 0.480352 0.206676 0.029297 0.041430
12 0.004840 0.547637 0.009680 0.061680
12 0.056066 0.547637 0.024414 0.061680
12 0.004840 0.795980 0.009680 0.061680
12 0.056066 0.795980 0.024414 0.061680
12 0.114660 0.795980 0.024414 0.061680
12 0.204301 0.065988 0.061680 0.024414
12 0.442191 0.065988 0.061680 0.024414
18 0.161895 0.294562 0.041430 0.029297
18 0.480348 0.294562 0.041430 0.029297
18 0.091133 0.210949 0.020719 0.014648
18 0.028984 0.148801 0.020719 0.014648
18 0.496793 0.512766 0.041430 0.029297
18 0.212555 0.658941 0.029297 0.041430
8 0.162094 0.205426 0.032141 0.034195
8 0.147398 0.404430 0.032828 0.032828
8 0.144824 0.929086 0.033336 0.028438
18 0.285590 0.630480 0.033023 0.030664
8 0.063859 0.665078 0.031453 0.029094
12 0.116617 0.548477 0.016516 0.061328