8 0.676430 0.427918 0.020719 0.014648
8 0.800129 0.118430 0.041430 0.029297
8 0.201145 0.331359 0.041430 0.029297
8 0.519594 0.331363 0.029297 0.041430
8 0.752824 0.332109 0.041430 0.029297
12 0.247762 0.475402 0.061680 0.024414
12 0.472520 0.475402 0.061680 0.024414
12 0.787559 0.476402 0.061680 0.024414
18 0.006484 0.243469 0.012969 0.029297
18 0.201145 0.243469 0.041430 0.029297
18 0.519598 0.243469 0.041430 0.029297
18 0.066547 0.389988 0.020719 0.014648
18 0.123516 0.333020 0.020719 0.014648
18 0.593523 0.390730 0.020719 0.014648
18 0.668555 0.332105 0.020719 0.014648
8 0.330680 0.118523 0.030828 0.027250
8 0.536461 0.120316 0.032266 0.029398