8 0.379883 0.145309 0.029297 0.041430
8 0.509180 0.137496 0.029297 0.041430
8 0.761520 0.173633 0.041430 0.029297
8 0.886910 0.166211 0.041430 0.029297
8 0.108980 0.343164 0.041430 0.029297
8 0.581832 0.761328 0.041430 0.029297
8 0.581832 0.526953 0.041430 0.029297
8 0.828707 0.024609 0.041430 0.029297
8 0.471586 0.483691 0.020719 0.014648
8 0.475293 0.720414 0.014648 0.020719
8 0.968355 0.177344 0.041430 0.029297
8 0.254684 0.343164 0.041430 0.029297
8 0.399801 0.343164 0.041430 0.029297
8 0.576754 0.343164 0.041430 0.029297
8 0.723434 0.343164 0.041430 0.029297
8 0.869918 0.343164 0.041430 0.029297
8 0.278441 0.021008 0.033992 0.030906
8 0.539578 0.024098 0.030906 0.032961