8 0.149578 0.352488 0.020719 0.014648
8 0.481551 0.128945 0.041430 0.029297
8 0.114105 0.129555 0.041430 0.029297
8 0.487660 0.378281 0.041430 0.029297
8 0.687809 0.378281 0.041430 0.029297
12 0.065961 0.683805 0.020906 0.052812
12 0.065961 0.742738 0.022125 0.055898
12 0.065965 0.566016 0.023195 0.058594
12 0.065961 0.623668 0.022125 0.055898
18 0.704898 0.073863 0.020719 0.014648
12 0.240434 0.421234 0.010617 0.061922
12 0.338625 0.420355 0.014156 0.058383
12 0.235566 0.325258 0.055727 0.013266
12 0.301469 0.324820 0.047766 0.015922
8 0.639457 0.115922 0.027758 0.030281
18 0.775723 0.465414 0.027758 0.035328
18 0.849531 0.463520 0.029016 0.026492
18 0.428754 0.464785 0.022711 0.026492
18 0.389641 0.129801 0.025234 0.037852
8 0.903785 0.375836 0.031539 0.035328
18 0.206691 0.155039 0.032805 0.025234